0
0.585613421234169
9.97482394243727
11.2262045630852
10.9225382555679
10.2842166416804
9.68768828401646
9.69462928184723
9.05740167516008
8.39392733170685
7.73298537678348
6.83154065918395
6.58074791521437
6.06509699756134
5.45342316599148
4.84992357008728
4.57149909208175
4.47124241917403
4.95866880899393
4.82365261595918
4.61988471254882
4.4116685780211
4.17065461338101
3.97222624460887
3.7833329088561
3.51030937694547
2.8184462720629
2.65352393916446
2.5204875484928
2.53671215390628
3.23619328102659
3.23881164908687
3.18817112264667
3.06384038048115
2.91209516243863
2.86181193728574
2.7026751970965
2.3997113802096
1.75196568160579
1.70401937910307
1.68819378218928
2.05128314697103
6.11723020070322
7.20476142783032
7.01240119804207
6.63227216866085
6.03506401834293
4.88143008639461
4.13185474566382
2.75588132731654
2.01582007925658
1.83341932659413
1.96127516863692
2.10436429537672
4.35360077426237
5.06519440110119
4.96367141907363
4.57712869672847
3.79951061170377
3.57885926761825
3.26842862148662
1.8765136840093
1.00961096971269
0.971045540722836
1.04553498092911
1.1129866740225
4.88586989961613
9.54332843882366
8.79849018715999
8.16804316801512
6.98943364653228
4.85357250624633
3.65996882808433
1.44592323295879
-0.884312778154646
-1.07988288156492
-0.454041223782946
0.172211968239519
5.69825826256304
7.81822870261823
7.30095596700571
6.00761004392875
3.91461385093522
1.79189107574814
0.793737248362886
0.699056883296079
-1.29560792999753
-0.230974073892848
0.579370657015595
3.71812155667226
6.93415343130118
8.33351622810702
8.07412010313956
7.13838283735226
4.94043122592193
3.04828835110763
1.04565135851821
-1.03783971061985
-2.92185876659326
-2.98588102316901
-1.84537288475132
1.74388863999185
6.32471412128235
7.41312411217215
7.444610431992
6.56138565789073
4.84415312538202
2.93480224832315
1.91163562993657
-0.4036833447786
-3.30904474126126
-2.23033229528061
-1.49940097019111
2.49011692947099
5.87554699318261
6.52182898002718
6.27700351482244
5.20878119593665
3.20630258914803
1.53372715621807
0.664806336479989
-1.21994463133949
-4.01376925069994
-2.91910717853673
-2.85621308493687
1.41457472866651
4.86750580225611
6.51142661450048
6.1201719636525
4.50816166649408
2.46995994248867
0.846787887731414
1.24582346939477
-1.92582578298093
-4.04199602840288
-3.50193464530957
-2.23240406370632
2.68734309270369
5.67701111261859
6.21162772355318
5.66378176712945
4.48526517319718
3.62941997759298
2.16261251467611
1.95815448603217
-2.04086387297182
-3.80716705161744
-4.42821484331018
-3.58159327984975
0.614603638595168
5.09793149961197
6.07998239668451
5.9944181471372
5.08895981932703
3.66197098643158
2.29954932842058
1.21959900733428
-2.64191892772681
-4.72039415348638
-2.58445354594427
-3.94020739616217
-2.56451012681301
3.27059988548466
6.00071343338897
5.6746434464488
4.49237982632388
3.11833545952353
1.97632629485607
0.237680146188591
-1.9490259465649
-4.4654555649489
-2.91753740055863
-3.77959031561043
