0.419527514947842
6.6839553384481
0.813361083252563
0
0
0.113555725006117
0.532228603409326
0.0265306380959621
-0.0176870920639747
-0.0486395031759305
-0.260179666036267
0.162919210787237
-0.0792579944370314
-0.180160682581158
-0.201266432270925
0
0.0917180855818677
0.483914571020253
0.0221088650799684
-0.013265319047981
-0.00884354603198737
-0.0353741841279495
-0.0132653190479758
-0.0176870920639747
-0.0882499492916239
-0.394850944761491
-0.026205167309105
-0.0305726951939507
0.0567778625030558
0.531740397229041
0.0265306380959621
0.013265319047981
-0.0221088650799684
-0.0353741841279495
0.0353741841279495
-0.0486395031759252
-0.154372482400449
-0.403193366219696
0.0174701115393982
0.0131025836545525
0.267010875265834
2.89558311351999
0.744916486082692
-0.0362747613942516
-0.046631625616056
-0.154801464371285
-0.552356443111462
-0.285529386687953
-0.783595246551604
-0.37418806416472
-0.0408853501243305
0.122656050373002
0.101626809557258
1.59574538076353
0.485326753951517
-0.0207284350824295
-0.150031141487656
-0.396727991263904
0
-0.0967879365456065
-0.891468682771399
-0.52532794756405
0.0185600765496189
0.0417601722366426
0.00928003827480947
2.64314206915038
3.24101910044708
-0.526154000658815
-0.204183869380488
-0.495469657387078
-1.16886364904923
-0.533018656345312
-1.35302128271244
-1.51029781869188
-0.0838721970974086
0.370512635142916
0.297735153227059
3.7820589924469
1.33641285981548
-0.357245530226758
-0.714059712218963
-1.20615993070816
-1.23893240072723
-0.516290566127831
0.0103200976247527
-1.4363721450344
0.722628406974288
0.455949867191353
2.10144808304597
2.16611933153692
0.971603912084844
-0.0452902966547766
-0.392997022886711
-1.24283545063263
-1.03072959168051
-1.18666442149604
-1.34065454331707
-1.30118739193819
-0.112152127701998
0.629105792285469
2.30868151732041
3.00806902260512
0.622543963166633
0.0970506356888071
-0.399839412432133
-0.929355615967935
-1.06890183915342
-0.496563320341272
-1.51401184697575
-1.99838810520521
0.754179516181883
0.344198032403683
2.61931775750071
2.18045619230147
0.353627624585878
-0.0839709207429864
-0.550077329612649
-1.17440101278671
-0.954233149973923
-0.457414907198848
-1.27745681659718
-1.98457774512656
0.719224653244872
-0.162401066056961
2.80213012799439
2.18714461711583
1.02014410067102
-0.238739960491589
-0.950793867659206
-1.19123327896972
-0.92344076412489
0.428285854294363
-2.22771396794178
-1.48129846935999
0.319933416897442
0.703356572260164
3.2466826649888
1.86445477870131
0.282425549731822
-0.282425549731822
-0.613552934538444
-0.355458565768282
-0.829637971380467
0.0239435738488524
-2.7546946920784
-1.16994615368333
-0.486483747777724
0.424085605135241
2.72017126904904
2.88834746652625
0.506682536383564
-0.0194101271377614
-0.448965871578987
-0.76092229529654
-0.724126968100424
-0.579527674223033
-2.63297906291007
-1.40131594201125
1.45758931157186
-1.20479495418069
0.759573596552422
3.90618519731452
1.67457495951697
-0.308886471956419
-0.696550405036066
-0.736428010533765
-0.579696354697765
-1.06533254743934
-1.44444262330106
-1.75251165953586
1.04822626516649
-0.823615582463071
0.813582736149656
