1400
174,86400
0,0,75.096
1,30,79.992
2,60,130.56
3,90,135.192
4,120,135.192
5,150,135.192
6,180,135.816
7,210,138.72
8,240,138.864
9,270,138.768
10,300,138.504
11,330,137.088
12,360,137.976
13,390,137.544
14,420,136.56
15,450,135.456
16,480,135.456
17,510,135.96
18,540,138.6
19,570,138.72
20,600,138.648
21,630,138.6
22,660,138.408
23,690,138.336
24,720,138.24
25,750,137.76
26,780,135.6
27,810,135.456
28,840,135.288
29,870,135.6
30,900,138.504
31,930,138.648
32,960,138.72
33,990,138.6
34,1020,138.408
35,1050,138.6
36,1080,138.336
37,1110,137.496
38,1140,135.288
39,1170,135.384
40,1200,135.456
41,1230,136.92
42,1260,151.896
43,1290,155.376
44,1320,155.208
45,1350,154.992
46,1380,154.272
47,1410,151.68
48,1440,150.312
49,1470,146.4
50,1500,144.456
51,1530,144.24
52,1560,144.888
53,1590,145.416
54,1620,153.264
55,1650,155.52
56,1680,155.424
57,1710,154.728
58,1740,152.88
59,1770,152.88
60,1800,152.424
61,1830,148.104
62,1860,145.416
63,1890,145.512
64,1920,145.728
65,1950,145.776
66,1980,158.376
67,2010,171.504
68,2040,169.488
69,2070,168.696
70,2100,166.752
71,2130,162
72,2160,159.744
73,2190,153.624
74,2220,146.256
75,2250,145.824
76,2280,147.72
77,2310,149.208
78,2340,165.96
79,2370,171.168
80,2400,169.8
81,2430,167.016
82,2460,162.12
83,2490,156.744
84,2520,154.368
85,2550,154.416
86,2580,147.504
87,2610,151.056
88,2640,153.216
89,2670,162.528
90,2700,171.12
91,2730,174.768
92,2760,174.6
93,2790,173.136
94,2820,168.384
95,2850,164.28
96,2880,159.312
97,2910,153.216
98,2940,146.88
99,2970,146.304
100,3000,149.472
101,3030,160.104
102,3060,172.128
103,3090,174.456
104,3120,174.816
105,3150,173.328
106,3180,169.8
107,3210,165.6
108,3240,163.584
109,3270,157.104
110,3300,147.624
111,3330,151.32
112,3360,152.952
113,3390,164.424
114,3420,172.92
115,3450,174.24
116,3480,173.928
117,3510,171.864
118,3540,167.328
119,3570,163.488
120,3600,161.592
121,3630,156
122,3660,146.448
123,3690,150.048
124,3720,149.256
125,3750,162
126,3780,170.712
127,3810,174.552
128,3840,173.664
129,3870,170.064
130,3900,165.384
131,3930,161.592
132,3960,163.368
133,3990,153.576
134,4020,146.352
135,4050,147.984
136,4080,151.416
137,4110,165.648
138,4140,172.872
139,4170,173.928
140,4200,172.872
141,4230,170.544
142,4260,169.176
143,4290,165.912
144,4320,166.008
145,4350,154.152
146,4380,148.56
147,4410,146.088
148,4440,148.248
149,4470,160.8
150,4500,172.296
151,4530,174.192
152,4560,174.12
153,4590,172.44
154,4620,169.536
155,4650,166.704
156,4680,164.376
157,4710,152.832
158,4740,145.944
159,4770,153.096
160,4800,147.24
161,4830,150.984
162,4860,167.904
163,4890,174.288
164,4920,173.136
165,4950,170.496
166,4980,167.64
167,5010,165.336
168,5040,160.944
169,5070,154.512
170,5100,145.992
171,5130,151.2
172,5160,147.144
173,5190,151.152
1,200,1000,0,0,113
2,200,1000,-199.99980000029,0,99
3,200,1000,-399.99960000019,0,103
4,200,1000,-599.99940000009,0,112
5,200,1000,-799.99919999998,0,113
6,200,1000,-999.99900000028,0,113
7,200,1000,-1199.9988000002,0,113
8,200,1000,-1399.9986000001,0,113
9,200,1000,-1599.9984000004,0,113
10,200,1000,-1799.9982000003,0,101
11,200,1000,-1999.9980000002,0,74
12,200,1000,-2199.9978000001,0,46
13,200,1000,-2399.9976000003,0,43
14,200,1000,-2599.9974000002,0,37
15,200,1000,-2799.9972000001,0,31
16,200,1000,-3099.9969000002,0,5
17,200,1000,-3299.9967000001,0,40
18,200,1000,-3499.9965,0,40
19,200,1000,-3699.9963000003,0,56
20,200,1000,-3899.9961000002,0,29
21,200,1000,-4399.9956000001,0,11
22,200,1000,-4599.9954,0,45
23,200,1000,-4799.9952000003,0,4
24,200,1000,-5199.9948000001,0,30
25,200,1000,-5399.9946,0,35
26,200,1000,-5599.9944000003,0,43
27,200,1000,-5799.9942000002,0,9
28,200,1000,-5999.9940000001,0,13
29,200,1000,599.99939999969,999.99959999979,72
30,200,1000,399.99959999979,999.99959999979,78
31,200,1000,199.9997999999,999.99959999979,47
32,200,1000,0,999.99959999979,54
33,200,1000,-199.99980000029,999.99959999979,109
34,200,1000,-399.99960000019,999.99959999979,111
35,200,1000,-599.99940000009,999.99959999979,79
36,200,1000,-799.99919999998,999.99959999979,83
37,200,1000,-999.99900000028,999.99959999979,86
38,200,1000,-1199.9988000002,999.99959999979,95
39,200,1000,-1399.9986000001,999.99959999979,102
40,200,1000,-1599.9984000004,999.99959999979,99
41,200,1000,-1799.9982000003,999.99959999979,102
42,200,1000,-1999.9980000002,999.99959999979,111
43,200,1000,-2199.9978000001,999.99959999979,113
44,200,1000,-2399.9976000003,999.99959999979,113
45,200,1000,-2599.9974000002,999.99959999979,113
46,200,1000,-2799.9972000001,999.99959999979,113
47,200,1000,-2999.997,999.99959999979,113
48,200,1000,-3199.9968000003,999.99959999979,112
49,200,1000,-3399.9966000002,999.99959999979,109
50,200,1000,-3599.9964000001,999.99959999979,97
51,200,1000,-3799.9962,999.99959999979,73
52,200,1000,-3999.9960000003,999.99959999979,74
53,200,1000,-4199.9958000002,999.99959999979,89
54,200,1000,-4399.9956000001,999.99959999979,99
55,200,1000,-4599.9954,999.99959999979,99
56,200,1000,-4799.9952000003,999.99959999979,32
57,200,1000,-4999.9950000002,999.99959999979,9
58,200,1000,-1399.9986000001,1999.9991999996,41
59,200,1000,-1599.9984000004,1999.9991999996,35
60,200,1000,-1799.9982000003,1999.9991999996,49
61,200,1000,-1999.9980000002,1999.9991999996,101
62,200,1000,-2199.9978000001,1999.9991999996,16
63,200,1000,-2399.9976000003,1999.9991999996,112
64,200,1000,-2599.9974000002,1999.9991999996,54
65,200,1000,-2799.9972000001,1999.9991999996,76
66,200,1000,-2999.997,1999.9991999996,76
67,200,1000,-3199.9968000003,1999.9991999996,84
68,200,1000,-3399.9966000002,1999.9991999996,112
69,200,1000,-3599.9964000001,1999.9991999996,113
70,200,1000,-3799.9962,1999.9991999996,113
71,200,1000,-3999.9960000003,1999.9991999996,113
72,200,1000,-4199.9958000002,1999.9991999996,113
73,200,1000,-4399.9956000001,1999.9991999996,113
74,200,1000,-4599.9954,1999.9991999996,103
75,200,1000,-4799.9952000003,1999.9991999996,94
76,200,1000,-4999.9950000002,1999.9991999996,57
77,200,1000,-5199.9948000001,1999.9991999996,16
78,200,1000,-5599.9944000003,1999.9991999996,14
79,200,1000,-3999.9960000003,2999.9987999994,18
80,200,1000,-4199.9958000002,2999.9987999994,54
81,200,1000,-4399.9956000001,2999.9987999994,73
82,200,1000,-4599.9954,2999.9987999994,103
83,200,1000,-4799.9952000003,2999.9987999994,113
84,200,1000,-4999.9950000002,2999.9987999994,113
85,200,1000,-5199.9948000001,2999.9987999994,113
86,200,1000,-5399.9946,2999.9987999994,107
87,200,1000,-5599.9944000003,2999.9987999994,65
88,200,1000,-5799.9942000002,2999.9987999994,46
89,200,1000,-5999.9940000001,2999.9987999994,16
90,200,1000,-6299.9937000001,2999.9987999994,7
91,200,1000,-4999.9950000002,3999.9983999992,16
92,200,1000,-5199.9948000001,3999.9983999992,68
93,200,1000,-5399.9946,3999.9983999992,107
94,200,1000,-5599.9944000003,3999.9983999992,113
95,200,1000,-5799.9942000002,3999.9983999992,55
96,200,1000,-5999.9940000001,3999.9983999992,87
97,200,1000,-6199.9938,3999.9983999992,48
98,200,1000,-6399.9936000003,3999.9983999992,20
99,200,1000,-6599.9934000002,3999.9983999992,25
100,200,1000,-4499.9955000003,4999.9980000003,43
101,200,1000,-4699.9953000002,4999.9980000003,70
102,200,1000,-4899.9951000001,4999.9980000003,59
103,200,1000,-5099.9949000003,4999.9980000003,62
104,200,1000,-5299.9947000002,4999.9980000003,100
105,200,1000,-5499.9945000001,4999.9980000003,109
106,200,1000,-5699.9943,4999.9980000003,113
107,200,1000,-5899.9941000003,4999.9980000003,107
108,200,1000,-6099.9939000002,4999.9980000003,58
109,200,1000,-7799.9922000003,4999.9980000003,27
110,200,1000,-7999.9920000002,4999.9980000003,33
111,200,1000,-4999.9950000002,5999.9976000001,31
112,200,1000,-5199.9948000001,5999.9976000001,54
113,200,1000,-5399.9946,5999.9976000001,91
114,200,1000,-5599.9944000003,5999.9976000001,111
115,200,1000,-5799.9942000002,5999.9976000001,113
116,200,1000,-5999.9940000001,5999.9976000001,113
117,200,1000,-6199.9938,5999.9976000001,77
118,200,1000,-6399.9936000003,5999.9976000001,12
119,200,1000,-8899.9911000004,5999.9976000001,3
120,200,1000,-9599.9904000002,5999.9976000001,12
121,200,1000,-9799.9902000001,5999.9976000001,11
122,200,1000,-5699.9943,6999.9971999999,18
123,200,1000,-5899.9941000003,6999.9971999999,75
124,200,1000,-6099.9939000002,6999.9971999999,109
125,200,1000,-6299.9937000001,6999.9971999999,113
126,200,1000,-6499.9935,6999.9971999999,113
127,200,1000,-6699.9933000003,6999.9971999999,100
128,200,1000,-6899.9931000002,6999.9971999999,30
129,200,1000,-4699.9953000002,7999.9967999997,7
130,200,1000,-5099.9949000003,7999.9967999997,10
131,200,1000,-5299.9947000002,7999.9967999997,16
132,200,1000,-5499.9945000001,7999.9967999997,20
133,200,1000,-5699.9943,7999.9967999997,31
134,200,1000,-5899.9941000003,7999.9967999997,47
135,200,1000,-6099.9939000002,7999.9967999997,27
136,200,1000,-6299.9937000001,7999.9967999997,77
137,200,1000,-6499.9935,7999.9967999997,63
138,200,1000,-6699.9933000003,7999.9967999997,74
139,200,1000,-6899.9931000002,7999.9967999997,112
140,200,1000,-7099.9929000001,7999.9967999997,113
141,200,1000,-7299.9927,7999.9967999997,104
142,200,1000,-7499.9925000003,7999.9967999997,60
143,200,1000,-7699.9923000002,7999.9967999997,73
144,200,1000,-7899.9921000001,7999.9967999997,59
145,200,1000,-8099.9919,7999.9967999997,6
146,200,1000,-6399.9936000003,8999.9963999995,5
147,200,1000,-6599.9934000002,8999.9963999995,52
148,200,1000,-7099.9929000001,8999.9963999995,87
149,200,1000,-7299.9927,8999.9963999995,113
150,200,1000,-7499.9925000003,8999.9963999995,108
151,200,1000,-7699.9923000002,8999.9963999995,15
152,200,1000,-6999.9930000004,9999.9959999992,14
153,200,1000,-7199.9928000003,9999.9959999992,86
154,200,1000,-7399.9926000002,9999.9959999992,113
155,200,1000,-7599.9924,9999.9959999992,113
156,200,1000,-7799.9922000003,9999.9959999992,58
157,200,1000,-7199.9928000003,10999.9956,101
158,200,1000,-7399.9926000002,10999.9956,113
159,200,1000,-7599.9924,10999.9956,109
160,200,1000,-7799.9922000003,10999.9956,75
161,200,1000,-7999.9920000002,10999.9956,25
162,200,1000,-8199.9918000001,10999.9956,55
163,200,1000,-8399.9916,10999.9956,55
164,200,1000,-7399.9926000002,11999.9952,44
165,200,1000,-7599.9924,11999.9952,32
166,200,1000,-7799.9922000003,11999.9952,73
167,200,1000,-7999.9920000002,11999.9952,45
168,200,1000,-6999.9930000004,12999.9948,22
169,200,1000,-7199.9928000003,12999.9948,48
170,200,1000,-7399.9926000002,12999.9948,63
171,200,1000,-7599.9924,12999.9948,2
172,200,1000,-7399.9926000002,13999.9944,95
173,200,1000,-3499.9965,14999.994,15
174,200,1000,-4799.9952000003,14999.994,25
175,200,1000,-7199.9928000003,14999.994,85
176,200,1000,-7499.9925000003,14999.994,105
177,200,1000,-1299.9987000003,15999.993599999,4
178,200,1000,-1499.9985000002,15999.993599999,30
179,200,1000,-8599.9914000003,15999.993599999,39
180,200,1000,-8799.9912000002,15999.993599999,99
181,200,1000,-8999.9910000001,15999.993599999,113
182,200,1000,-9199.9908,15999.993599999,112
183,200,1000,-9399.9906000003,15999.993599999,101
184,200,1000,-9599.9904000002,15999.993599999,56
185,200,1000,-9899.9901000002,15999.993599999,27
186,200,1000,-9999.99,16999.993199999,9
187,200,1000,-10199.9898,16999.993199999,64
188,200,1000,-10399.9896,16999.993199999,110
189,200,1000,-10599.9894,16999.993199999,113
190,200,1000,-10799.9892,16999.993199999,113
191,200,1000,-10999.989,16999.993199999,113
192,200,1000,-11199.9888,16999.993199999,113
193,200,1000,-11399.9886,16999.993199999,102
194,200,1000,-11599.9884,16999.993199999,56
195,200,1000,-11799.9882,16999.993199999,6
196,200,1000,-12799.9872,16999.993199999,55
197,200,1000,-12999.987,16999.993199999,64
198,200,1000,-13199.9868,16999.993199999,11
199,200,1000,-33599.9664,16999.993199999,18
200,200,1000,-11699.9883,17999.9928,66
201,200,1000,-12199.9878,17999.9928,113
202,200,1000,-12399.9876,17999.9928,113
203,200,1000,-12599.9874,17999.9928,111
204,200,1000,-12799.9872,17999.9928,70
205,200,1000,-12999.987,17999.9928,55
206,200,1000,-13199.9868,17999.9928,43
207,200,1000,-12499.9875,18999.9924,2
208,200,1000,-12599.9874,18999.9924,59
209,200,1000,-12799.9872,18999.9924,92
210,200,1000,-12999.987,18999.9924,113
211,200,1000,-13199.9868,18999.9924,110
212,200,1000,-13399.9866,18999.9924,73
213,200,1000,-13599.9864,18999.9924,29
214,200,1000,-32799.9672,18999.9924,32
215,200,1000,-32999.967,18999.9924,26
216,200,1000,-13699.9863,19999.992,112
217,200,1000,-13899.9861,19999.992,7
218,200,1000,-30399.9696,19999.992,20
219,200,1000,-13599.9864,20999.9916,2
220,200,1000,-13799.9862,20999.9916,45
221,200,1000,-13999.986,20999.9916,100
222,200,1000,-14199.9858,20999.9916,113
223,200,1000,-14399.9856,20999.9916,95
224,200,1000,-30899.9691,20999.9916,10
225,200,1000,-31299.9687,20999.9916,33
226,200,1000,-31499.9685,20999.9916,43
227,200,1000,-31699.9683,20999.9916,56
228,200,1000,-31899.9681,20999.9916,56
229,200,1000,-32099.9679,20999.9916,43
230,200,1000,-32299.9677,20999.9916,30
231,200,1000,-32499.9675,20999.9916,40
232,200,1000,-32699.9673,20999.9916,56
233,200,1000,-32899.9671,20999.9916,52
234,200,1000,-33099.9669,20999.9916,15
235,200,1000,-33999.966,20999.9916,43
236,200,1000,-34199.9658,20999.9916,31
237,200,1000,-34399.9656,20999.9916,4
238,200,1000,-35199.9648,20999.9916,5
239,200,1000,-35499.9645,20999.9916,8
240,200,1000,-14399.9856,21999.991199999,40
241,200,1000,-14599.9854,21999.991199999,112
242,200,1000,-14799.9852,21999.991199999,112
243,200,1000,-28999.971,21999.991199999,38
244,200,1000,-29199.9708,21999.991199999,60
245,200,1000,-29399.9706,21999.991199999,42
246,200,1000,-36399.9636,21999.991199999,2
247,200,1000,-36599.9634,21999.991199999,37
248,200,1000,-36899.9631,21999.991199999,4
249,200,1000,-37099.9629,21999.991199999,9
250,200,1000,-37299.9627,21999.991199999,23
251,200,1000,-37499.9625,21999.991199999,39
252,200,1000,-37699.9623,21999.991199999,40
253,200,1000,-37899.9621,21999.991199999,38
254,200,1000,-38099.9619,21999.991199999,35
255,200,1000,-38299.9617,21999.991199999,37
256,200,1000,-38499.9615,21999.991199999,39
257,200,1000,-38699.9613,21999.991199999,13
258,200,1000,-15099.9849,22999.990799999,55
259,200,1000,-15299.9847,22999.990799999,113
260,200,1000,-15499.9845,22999.990799999,73
261,200,1000,-15699.9843,22999.990799999,64
262,200,1000,-15899.9841,22999.990799999,81
263,200,1000,-16099.9839,22999.990799999,20
264,200,1000,-16299.9837,22999.990799999,17
265,200,1000,-16499.9835,22999.990799999,18
266,200,1000,-16999.983,22999.990799999,6
267,200,1000,-18599.9814,22999.990799999,34
268,200,1000,-18799.9812,22999.990799999,42
269,200,1000,-18999.981,22999.990799999,53
270,200,1000,-19199.9808,22999.990799999,70
271,200,1000,-19399.9806,22999.990799999,86
272,200,1000,-19599.9804,22999.990799999,79
273,200,1000,-19799.9802,22999.990799999,73
274,200,1000,-19999.98,22999.990799999,58
275,200,1000,-20199.9798,22999.990799999,26
276,200,1000,-20399.9796,22999.990799999,57
277,200,1000,-20599.9794,22999.990799999,91
278,200,1000,-20799.9792,22999.990799999,66
279,200,1000,-20999.979,22999.990799999,20
280,200,1000,-22599.9774,22999.990799999,18
281,200,1000,-22799.9772,22999.990799999,8
282,200,1000,-27199.9728,22999.990799999,15
283,200,1000,-27399.9726,22999.990799999,65
284,200,1000,-27599.9724,22999.990799999,35
285,200,1000,-38799.9612,22999.990799999,20
286,200,1000,-38999.961,22999.990799999,34
287,200,1000,-44799.9552,22999.990799999,15
288,200,1000,-44999.955,22999.990799999,11
289,200,1000,-45199.9548,22999.990799999,10
290,200,1000,-10299.9897,23999.9904,1
291,200,1000,-14999.985,23999.9904,25
292,200,1000,-15199.9848,23999.9904,68
293,200,1000,-15399.9846,23999.9904,95
294,200,1000,-15599.9844,23999.9904,113
295,200,1000,-15799.9842,23999.9904,101
296,200,1000,-20999.979,23999.9904,14
297,200,1000,-21799.9782,23999.9904,26
298,200,1000,-21999.978,23999.9904,47
299,200,1000,-22199.9778,23999.9904,22
300,200,1000,-24699.9753,23999.9904,10
301,200,1000,-24899.9751,23999.9904,36
302,200,1000,-25099.9749,23999.9904,48
303,200,1000,-25299.9747,23999.9904,61
304,200,1000,-25499.9745,23999.9904,60
305,200,1000,-25699.9743,23999.9904,51
306,200,1000,-25899.9741,23999.9904,35
307,200,1000,-26099.9739,23999.9904,13
308,200,1000,-39199.9608,23999.9904,30
309,200,1000,-41499.9585,23999.9904,7
310,200,1000,-45599.9544,23999.9904,18
311,200,1000,-45799.9542,23999.9904,13
312,200,1000,-10899.9891,24999.99,43
313,200,1000,-11099.9889,24999.99,40
314,200,1000,-14199.9858,24999.99,5
315,200,1000,-14399.9856,24999.99,49
316,200,1000,-14599.9854,24999.99,52
317,200,1000,-14799.9852,24999.99,97
318,200,1000,-14999.985,24999.99,91
319,200,1000,-15199.9848,24999.99,90
320,200,1000,-15399.9846,24999.99,111
321,200,1000,-15599.9844,24999.99,113
322,200,1000,-15799.9842,24999.99,113
323,200,1000,-15999.984,24999.99,113
324,200,1000,-16199.9838,24999.99,101
325,200,1000,-16399.9836,24999.99,3
326,200,1000,-46899.9531,24999.99,9
327,200,1000,-10799.9892,25999.9896,5
328,200,1000,-10999.989,25999.9896,22
329,200,1000,-11199.9888,25999.9896,19
330,200,1000,-11399.9886,25999.9896,20
331,200,1000,-11599.9884,25999.9896,61
332,200,1000,-11799.9882,25999.9896,70
333,200,1000,-11999.988,25999.9896,63
334,200,1000,-12199.9878,25999.9896,62
335,200,1000,-12399.9876,25999.9896,66
336,200,1000,-12599.9874,25999.9896,34
337,200,1000,-12799.9872,25999.9896,79
338,200,1000,-12999.987,25999.9896,64
339,200,1000,-13799.9862,25999.9896,26
340,200,1000,-13999.986,25999.9896,28
341,200,1000,-15199.9848,25999.9896,36
342,200,1000,-15399.9846,25999.9896,100
343,200,1000,-15599.9844,25999.9896,113
344,200,1000,-15799.9842,25999.9896,113
345,200,1000,-15999.984,25999.9896,113
346,200,1000,-16199.9838,25999.9896,78
347,200,1000,-10899.9891,26999.9892,2
348,200,1000,-11099.9889,26999.9892,26
349,200,1000,-11299.9887,26999.9892,27
350,200,1000,-11499.9885,26999.9892,40
351,200,1000,-11699.9883,26999.9892,68
352,200,1000,-11899.9881,26999.9892,52
353,200,1000,-15699.9843,26999.9892,59
354,200,1000,-15899.9841,26999.9892,113
355,200,1000,-16099.9839,26999.9892,113
356,200,1000,-16299.9837,26999.9892,113
357,200,1000,-16499.9835,26999.9892,109
358,200,1000,-16699.9833,26999.9892,84
359,200,1000,-16899.9831,26999.9892,38
360,200,1000,-11099.9889,27999.9888,5
361,200,1000,-11299.9887,27999.9888,37
362,200,1000,-11499.9885,27999.9888,59
363,200,1000,-11699.9883,27999.9888,47
364,200,1000,-16299.9837,27999.9888,9
365,200,1000,-16499.9835,27999.9888,96
366,200,1000,-16699.9833,27999.9888,113
367,200,1000,-16899.9831,27999.9888,113
368,200,1000,-17099.9829,27999.9888,113
369,200,1000,-17299.9827,27999.9888,113
370,200,1000,-17499.9825,27999.9888,110
371,200,1000,-17699.9823,27999.9888,82
372,200,1000,-17899.9821,27999.9888,57
373,200,1000,-11099.9889,28999.988399999,10
374,200,1000,-11299.9887,28999.988399999,49
375,200,1000,-11499.9885,28999.988399999,6
376,200,1000,-15299.9847,28999.988399999,29
377,200,1000,-15499.9845,28999.988399999,36
378,200,1000,-15699.9843,28999.988399999,50
379,200,1000,-15899.9841,28999.988399999,12
380,200,1000,-17499.9825,28999.988399999,12
381,200,1000,-17699.9823,28999.988399999,42
382,200,1000,-17899.9821,28999.988399999,107
383,200,1000,-18099.9819,28999.988399999,113
384,200,1000,-18299.9817,28999.988399999,112
385,200,1000,-18499.9815,28999.988399999,101
386,200,1000,-18699.9813,28999.988399999,61
387,200,1000,-18899.9811,28999.988399999,12
388,200,1000,-21999.978,28999.988399999,22
389,200,1000,-10599.9894,29999.987999999,7
390,200,1000,-10799.9892,29999.987999999,29
391,200,1000,-11099.9889,29999.987999999,4
392,200,1000,-18499.9815,29999.987999999,70
393,200,1000,-18699.9813,29999.987999999,111
394,200,1000,-18899.9811,29999.987999999,113
395,200,1000,-19099.9809,29999.987999999,113
396,200,1000,-19299.9807,29999.987999999,113
397,200,1000,-19499.9805,29999.987999999,111
398,200,1000,-19699.9803,29999.987999999,76
399,200,1000,-19899.9801,29999.987999999,80
400,200,1000,-20099.9799,29999.987999999,59
401,200,1000,-20299.9797,29999.987999999,28
402,200,1000,-20499.9795,29999.987999999,16
403,200,1000,-20699.9793,29999.987999999,36
404,200,1000,-20899.9791,29999.987999999,58
405,200,1000,-21099.9789,29999.987999999,74
406,200,1000,-21299.9787,29999.987999999,52
407,200,1000,-22599.9774,29999.987999999,15
408,200,1000,-22799.9772,29999.987999999,52
409,200,1000,-22999.977,29999.987999999,71
410,200,1000,-23199.9768,29999.987999999,70
411,200,1000,-23399.9766,29999.987999999,60
412,200,1000,-23599.9764,29999.987999999,57
413,200,1000,-23799.9762,29999.987999999,53
414,200,1000,-23999.976,29999.987999999,54
415,200,1000,-24199.9758,29999.987999999,51
416,200,1000,-24399.9756,29999.987999999,13
417,200,1000,-25299.9747,29999.987999999,8
418,200,1000,-25499.9745,29999.987999999,15
419,200,1000,-27299.9727,29999.987999999,13
420,200,1000,-27499.9725,29999.987999999,25
421,200,1000,-27699.9723,29999.987999999,12
422,200,1000,-10699.9893,30999.9876,13
423,200,1000,-19499.9805,30999.9876,52
424,200,1000,-19699.9803,30999.9876,111
425,200,1000,-19899.9801,30999.9876,113
426,200,1000,-20099.9799,30999.9876,110
427,200,1000,-20299.9797,30999.9876,99
428,200,1000,-20499.9795,30999.9876,45
429,200,1000,-27599.9724,30999.9876,1
430,200,1000,-19599.9804,31999.9872,28
431,200,1000,-19799.9802,31999.9872,113
432,200,1000,-19999.98,31999.9872,111
433,200,1000,-20199.9798,31999.9872,72
434,200,1000,-19399.9806,32999.9868,20
435,200,1000,-19599.9804,32999.9868,101
436,200,1000,-19799.9802,32999.9868,113
437,200,1000,-19999.98,32999.9868,110
438,200,1000,-20199.9798,32999.9868,60
439,200,1000,-19199.9808,33999.9864,18
440,200,1000,-19399.9806,33999.9864,113
441,200,1000,-19599.9804,33999.9864,113
442,200,1000,-19799.9802,33999.9864,86
443,200,1000,-19999.98,33999.9864,24
444,200,1000,-18599.9814,34999.985999999,18
445,200,1000,-19199.9808,34999.985999999,100
446,200,1000,-19399.9806,34999.985999999,113
447,200,1000,-19699.9803,34999.985999999,81
448,200,1000,-17799.9822,35999.985599999,4
449,200,1000,-17999.982,35999.985599999,83
450,200,1000,-18199.9818,35999.985599999,10
451,200,1000,-19399.9806,35999.985599999,98
452,200,1000,-19599.9804,35999.985599999,113
453,200,1000,-19799.9802,35999.985599999,97
454,200,1000,-19999.98,35999.985599999,14
455,200,1000,-15399.9846,36999.9852,34
456,200,1000,-15599.9844,36999.9852,31
457,200,1000,-15799.9842,36999.9852,35
458,200,1000,-15999.984,36999.9852,33
459,200,1000,-16199.9838,36999.9852,4
460,200,1000,-16399.9836,36999.9852,24
461,200,1000,-16599.9834,36999.9852,10
462,200,1000,-16999.983,36999.9852,62
463,200,1000,-17099.9829,36999.9852,29
464,200,1000,-19399.9806,36999.9852,4
465,200,1000,-19599.9804,36999.9852,93
466,200,1000,-19799.9802,36999.9852,113
467,200,1000,-19999.98,36999.9852,110
468,200,1000,-20199.9798,36999.9852,46
469,200,1000,-15999.984,37999.9848,10
470,200,1000,-16199.9838,37999.9848,57
471,200,1000,-19599.9804,37999.9848,8
472,200,1000,-19799.9802,37999.9848,112
473,200,1000,-19999.98,37999.9848,113
474,200,1000,-20199.9798,37999.9848,110
475,200,1000,-20399.9796,37999.9848,63
476,200,1000,-20599.9794,37999.9848,56
477,200,1000,-20799.9792,37999.9848,7
478,200,1000,-16399.9836,38999.9844,28
479,200,1000,-16599.9834,38999.9844,52
480,200,1000,-19799.9802,38999.9844,1
481,200,1000,-19999.98,38999.9844,88
482,200,1000,-20099.9799,38999.9844,112
483,200,1000,-20399.9796,38999.9844,112
484,200,1000,-20599.9794,38999.9844,62
485,200,1000,-16699.9833,39999.984,32
486,200,1000,-20299.9797,39999.984,24
487,200,1000,-20499.9795,39999.984,105
488,200,1000,-20699.9793,39999.984,113
489,200,1000,-20899.9791,39999.984,94
490,200,1000,-16699.9833,40999.9836,35
491,200,1000,-20899.9791,40999.9836,33
492,200,1000,-21099.9789,40999.9836,110
493,200,1000,-21299.9787,40999.9836,113
494,200,1000,-21499.9785,40999.9836,78
495,200,1000,-16599.9834,41999.983199999,16
496,200,1000,-21199.9788,41999.983199999,72
497,200,1000,-21499.9785,41999.983199999,113
498,200,1000,-21699.9783,41999.983199999,105
499,200,1000,-21899.9781,41999.983199999,18
500,200,1000,-16199.9838,42999.9828,28
501,200,1000,-16399.9836,42999.9828,5
502,200,1000,-22099.9779,42999.9828,89
503,200,1000,-22299.9777,42999.9828,112
504,200,1000,-22499.9775,42999.9828,112
505,200,1000,-22699.9773,42999.9828,113
506,200,1000,-22899.9771,42999.9828,113
507,200,1000,-22599.9774,43999.9824,10
508,200,1000,-22799.9772,43999.9824,65
509,200,1000,-22999.977,43999.9824,113
510,200,1000,-23199.9768,43999.9824,94
511,200,1000,-22999.977,44999.982,26
512,200,1000,-23199.9768,44999.982,107
513,200,1000,-23399.9766,44999.982,107
514,200,1000,-23599.9764,44999.982,9
515,200,1000,-16199.9838,45999.9816,3
516,200,1000,-23399.9766,45999.9816,89
517,200,1000,-23599.9764,45999.9816,113
518,200,1000,-23799.9762,45999.9816,73
519,200,1000,-15899.9841,46999.9812,5
520,200,1000,-23599.9764,46999.9812,13
521,200,1000,-23799.9762,46999.9812,88
522,200,1000,-23999.976,46999.9812,113
523,200,1000,-24199.9758,46999.9812,105
524,200,1000,-15899.9841,47750,20
525,200,1000,-24099.9759,47750,102
526,200,1000,-24299.9757,47750,113
527,200,1000,-24499.9755,47750,73
528,200,1000,-15899.9841,48749.9996,10
529,200,1000,-23999.976,48749.9996,68
530,200,1000,-24199.9758,48749.9996,113
531,200,1000,-24399.9756,48749.9996,111
532,200,1000,-24599.9754,48749.9996,41
533,200,1000,-23599.9764,49749.9992,13
534,200,1000,-23799.9762,49749.9992,73
535,200,1000,-23999.976,49749.9992,113
536,200,1000,-24199.9758,49749.9992,113
537,200,1000,-24399.9756,49749.9992,47
538,200,1000,-24599.9754,49749.9992,48
539,200,1000,-22999.977,50749.998799999,6
540,200,1000,-23199.9768,50749.998799999,88
541,200,1000,-23399.9766,50749.998799999,113
542,200,1000,-23599.9764,50749.998799999,113
543,200,1000,-23799.9762,50749.998799999,64
544,200,1000,-22399.9776,51749.998399999,66
545,200,1000,-22599.9774,51749.998399999,111
546,200,1000,-22799.9772,51749.998399999,113
547,200,1000,-22999.977,51749.998399999,69
548,200,1000,-22599.9774,52749.998,80
549,200,1000,-22799.9772,52749.998,110
550,200,1000,-22999.977,52749.998,45
551,200,1000,-22599.9774,53749.9976,28
552,200,1000,-22799.9772,53749.9976,113
553,200,1000,-22999.977,53749.9976,103
554,200,1000,-23199.9768,53749.9976,30
555,200,1000,-22799.9772,54749.9972,10
556,200,1000,-22999.977,54749.9972,105
557,200,1000,-23199.9768,54749.9972,91
558,200,1000,-22999.977,55749.9968,35
559,200,1000,-23499.9765,55749.9968,90
560,200,1000,-23299.9767,56749.996399999,41
561,200,1000,-23499.9765,56749.996399999,95
562,200,1000,-23699.9763,56749.996399999,112
563,200,1000,-23899.9761,56749.996399999,107
564,200,1000,-24099.9759,56749.996399999,46
565,200,1000,-24399.9756,57749.995999999,30
566,200,1000,-24599.9754,57749.995999999,98
567,200,1000,-24899.9751,57749.995999999,111
568,200,1000,-25099.9749,57749.995999999,77
569,200,1000,-25299.9747,57749.995999999,23
570,200,1000,-25499.9745,57749.995999999,50
571,200,1000,-25699.9743,57749.995999999,77
572,200,1000,-25899.9741,57749.995999999,75
573,200,1000,-26099.9739,57749.995999999,79
574,200,1000,-26299.9737,57749.995999999,62
575,200,1000,-26499.9735,57749.995999999,26
576,200,1000,-26799.9732,57749.995999999,17
577,200,1000,-39699.9603,57749.995999999,2
578,200,1000,-24899.9751,58749.9956,3
579,200,1000,-25099.9749,58749.9956,83
580,200,1000,-25299.9747,58749.9956,113
581,200,1000,-25499.9745,58749.9956,107
582,200,1000,-25699.9743,58749.9956,48
583,200,1000,-38999.961,58749.9956,3
584,200,1000,-39199.9608,58749.9956,8
585,200,1000,-39399.9606,58749.9956,9
586,200,1000,-25199.9748,59749.9952,13
587,200,1000,-25399.9746,59749.9952,102
588,200,1000,-25599.9744,59749.9952,113
589,200,1000,-25799.9742,59749.9952,90
590,200,1000,-25999.974,59749.9952,8
591,200,1000,-38799.9612,59749.9952,11
592,200,1000,-38999.961,59749.9952,11
593,200,1000,-25599.9744,60749.9948,41
594,200,1000,-25799.9742,60749.9948,113
595,200,1000,-25999.974,60749.9948,105
596,200,1000,-26199.9738,60749.9948,25
597,200,1000,-25599.9744,61749.9944,54
598,200,1000,-25799.9742,61749.9944,113
599,200,1000,-25999.974,61749.9944,88
600,200,1000,-26199.9738,61749.9944,19
601,200,1000,-25399.9746,62749.994,19
602,200,1000,-25599.9744,62749.994,102
603,200,1000,-25799.9742,62749.994,112
604,200,1000,-25999.974,62749.994,61
605,200,1000,-25099.9749,63749.993599999,15
606,200,1000,-25299.9747,63749.993599999,110
607,200,1000,-25499.9745,63749.993599999,113
608,200,1000,-25699.9743,63749.993599999,90
609,200,1000,-30399.9696,63749.993599999,22
610,200,1000,-37199.9628,63749.993599999,6
611,200,1000,-24099.9759,64749.993199999,16
612,200,1000,-24299.9757,64749.993199999,69
613,200,1000,-24499.9755,64749.993199999,106
614,200,1000,-24699.9753,64749.993199999,113
615,200,1000,-24999.975,64749.993199999,113
616,200,1000,-25199.9748,64749.993199999,111
617,200,1000,-25399.9746,64749.993199999,95
618,200,1000,-25599.9744,64749.993199999,100
619,200,1000,-25799.9742,64749.993199999,89
620,200,1000,-25999.974,64749.993199999,94
621,200,1000,-26199.9738,64749.993199999,98
622,200,1000,-26399.9736,64749.993199999,70
623,200,1000,-28499.9715,64749.993199999,17
624,200,1000,-30199.9698,64749.993199999,53
625,200,1000,-36199.9638,64749.993199999,1
626,200,1000,-36399.9636,64749.993199999,55
627,200,1000,-36599.9634,64749.993199999,27
628,200,1000,-37699.9623,64749.993199999,26
629,200,1000,-23499.9765,65749.9928,62
630,200,1000,-23699.9763,65749.9928,113
631,200,1000,-23899.9761,65749.9928,113
632,200,1000,-24099.9759,65749.9928,95
633,200,1000,-24299.9757,65749.9928,27
634,200,1000,-29999.97,65749.9928,42
635,200,1000,-30699.9693,65749.9928,16
636,200,1000,-30899.9691,65749.9928,15
637,200,1000,-31599.9684,65749.9928,46
638,200,1000,-33999.966,65749.9928,25
639,200,1000,-34599.9654,65749.9928,5
640,200,1000,-35899.9641,65749.9928,7
641,200,1000,-38499.9615,65749.9928,16
642,200,1000,-38699.9613,65749.9928,36
643,200,1000,-38899.9611,65749.9928,16
644,200,1000,-39199.9608,65749.9928,37
645,200,1000,-39399.9606,65749.9928,50
646,200,1000,-39599.9604,65749.9928,45
647,200,1000,-39799.9602,65749.9928,40
648,200,1000,-39999.96,65749.9928,39
649,200,1000,-40199.9598,65749.9928,6
650,200,1000,-19699.9803,66749.9924,2
651,200,1000,-22399.9776,66749.9924,27
652,200,1000,-22599.9774,66749.9924,111
653,200,1000,-22799.9772,66749.9924,113
654,200,1000,-22999.977,66749.9924,60
655,200,1000,-23799.9762,66749.9924,11
656,200,1000,-23999.976,66749.9924,62
657,200,1000,-24199.9758,66749.9924,19
658,200,1000,-38999.961,66749.9924,29
659,200,1000,-39199.9608,66749.9924,29
660,200,1000,-39399.9606,66749.9924,15
661,200,1000,-40999.959,66749.9924,16
662,200,1000,-41499.9585,66749.9924,14
663,200,1000,-41699.9583,66749.9924,15
664,200,1000,-41899.9581,66749.9924,23
665,200,1000,-43499.9565,66749.9924,4
666,200,1000,-44399.9556,66749.9924,15
667,200,1000,-20799.9792,67749.992,1
668,200,1000,-20999.979,67749.992,5
669,200,1000,-21199.9788,67749.992,26
670,200,1000,-21399.9786,67749.992,47
671,200,1000,-21599.9784,67749.992,103
672,200,1000,-21799.9782,67749.992,113
673,200,1000,-21999.978,67749.992,105
674,200,1000,-44799.9552,67749.992,15
675,200,1000,-20899.9791,68749.9916,16
676,200,1000,-21099.9789,68749.9916,105
677,200,1000,-21299.9787,68749.9916,70
678,200,1000,-20899.9791,69749.991199999,11
679,200,1000,-21099.9789,69749.991199999,106
680,200,1000,-21299.9787,69749.991199999,113
681,200,1000,-21499.9785,69749.991199999,42
682,200,1000,-21299.9787,70749.990799999,101
683,200,1000,-21499.9785,70749.990799999,113
684,200,1000,-21499.9785,71749.9904,38
685,200,1000,-21699.9783,71749.9904,113
686,200,1000,-21599.9784,72749.99,14
687,200,1000,-21799.9782,72749.99,113
688,200,1000,-21999.978,72749.99,67
689,200,1000,-21599.9784,73749.9896,23
690,200,1000,-21799.9782,73749.9896,98
691,200,1000,-21999.978,73749.9896,113
692,200,1000,-21799.9782,74249.989399999,44
693,200,1000,-21999.978,74249.989399999,104
694,200,1000,-22199.9778,74249.989399999,113
695,200,1000,-22199.9778,75249.989,22
696,200,1000,-22399.9776,75249.989,105
697,200,1000,-22599.9774,75249.989,113
698,200,1000,-22599.9774,76249.9886,22
699,200,1000,-22799.9772,76249.9886,109
700,200,1000,-22999.977,76249.9886,101
701,200,1000,-22799.9772,77249.9882,42
702,200,1000,-22999.977,77249.9882,110
703,200,1000,-23199.9768,77249.9882,112
704,200,1000,-23399.9766,77249.9882,84
705,200,1000,-23599.9764,77249.9882,21
706,200,1000,-24099.9759,77249.9882,14
707,200,1000,-23199.9768,78249.9878,9
708,200,1000,-23399.9766,78249.9878,103
709,200,1000,-23599.9764,78249.9878,94
710,200,1000,-23799.9762,78249.9878,12
711,200,1000,-23899.9761,79249.987399999,109
712,200,1000,-24099.9759,79249.987399999,40
713,200,1000,-21899.9781,80249.986999999,38
714,200,1000,-22099.9779,80249.986999999,8
715,200,1000,-23599.9764,80249.986999999,109
716,200,1000,-23799.9762,80249.986999999,101
717,200,1000,-23199.9768,81249.9866,43
718,200,1000,-23399.9766,81249.9866,110
719,200,1000,-23599.9764,81249.9866,50
720,200,1000,-23399.9766,82249.9862,94
721,200,1000,-23599.9764,82249.9862,90
722,200,1000,-23599.9764,83249.9858,101
723,200,1000,-23499.9765,84249.9854,84
724,200,1000,-23699.9763,84249.9854,113
725,200,1000,-24399.9756,84249.9854,32
726,200,1000,-23299.9767,85249.985,107
727,200,1000,-23499.9765,85249.985,104
728,200,1000,-22899.9771,86249.984599999,40
729,200,1000,-23099.9769,86249.984599999,108
730,200,1000,-23299.9767,86249.984599999,86
731,200,1000,-22599.9774,87249.984199999,35
732,200,1000,-22799.9772,87249.984199999,113
733,200,1000,-22499.9775,88249.9838,90
734,200,1000,-22699.9773,88249.9838,90
735,200,1000,-22399.9776,89249.9834,66
736,200,1000,-22599.9774,89249.9834,73
737,200,1000,-22399.9776,90249.983,101
738,200,1000,-22599.9774,90249.983,56
739,200,1000,-22199.9778,91249.9826,64
740,200,1000,-22399.9776,91249.9826,113
741,200,1000,-18899.9811,92249.982199999,41
742,200,1000,-19099.9809,92249.982199999,49
743,200,1000,-22199.9778,92249.982199999,63
744,200,1000,-22399.9776,92249.982199999,113
745,200,1000,-17599.9824,93249.981799999,9
746,200,1000,-17799.9822,93249.981799999,7
747,200,1000,-22199.9778,93249.981799999,109
748,200,1000,-22399.9776,93249.981799999,90
749,200,1000,-21899.9781,94249.9814,12
750,200,1000,-21999.978,94249.9814,79
751,200,1000,-22199.9778,94249.9814,113
752,200,1000,-21899.9781,95249.981,64
753,200,1000,-22099.9779,95249.981,46
754,200,1000,-22299.9777,95249.981,68
755,200,1000,-22499.9775,95249.981,63
756,200,1000,-21899.9781,95500.0191,57
757,200,1000,-22399.9776,95500.0191,61
758,200,1000,-22599.9774,95500.0191,35
759,200,1000,-22799.9772,95500.0191,15
760,200,1000,-23799.9762,96500.0187,5
761,200,1000,-23999.976,96500.0187,3
762,200,1000,-24199.9758,96500.0187,7
763,200,1000,-24399.9756,96500.0187,50
764,200,1000,-24599.9754,96500.0187,74
765,200,1000,-21499.9785,97500.0183,30
766,200,1000,-25499.9745,97500.0183,59
767,200,1000,-25699.9743,97500.0183,90
768,200,1000,-25899.9741,97500.0183,106
769,200,1000,-26099.9739,97500.0183,43
770,200,1000,-26499.9735,98500.0179,86
771,200,1000,-26699.9733,98500.0179,103
772,200,1000,-26899.9731,98500.0179,74
773,200,1000,-27099.9729,98500.0179,38
774,200,1000,-27299.9727,98500.0179,12
775,200,1000,-26899.9731,99500.017499999,90
776,200,1000,-27099.9729,99500.017499999,109
777,200,1000,-27299.9727,99500.017499999,20
778,200,1000,-27099.9729,100500.0171,83
779,200,1000,-26799.9732,101500.0167,23
780,200,1000,-26999.973,101500.0167,72
781,200,1000,-27199.9728,101500.0167,95
782,200,1000,-26799.9732,102500.0163,76
783,200,1000,-26999.973,102500.0163,106
784,200,1000,-35599.9644,102500.0163,9
785,200,1000,-26399.9736,103500.0159,34
786,200,1000,-26599.9734,103500.0159,102
787,200,1000,-26799.9732,103500.0159,77
788,200,1000,-35299.9647,103500.0159,47
789,200,1000,-26599.9734,104500.0155,47
790,200,1000,-26799.9732,104500.0155,110
791,200,1000,-28999.971,104500.0155,7
792,200,1000,-29499.9705,104500.0155,42
793,200,1000,-29699.9703,104500.0155,45
794,200,1000,-30199.9698,104500.0155,6
795,200,1000,-33699.9663,104500.0155,44
796,200,1000,-35099.9649,104500.0155,17
797,200,1000,-35299.9647,104500.0155,63
798,200,1000,-35499.9645,104500.0155,75
799,200,1000,-35699.9643,104500.0155,76
800,200,1000,-35899.9641,104500.0155,60
801,200,1000,-46299.9537,104500.0155,3
802,200,1000,-27099.9729,105500.0151,102
803,200,1000,-27299.9727,105500.0151,107
804,200,1000,-27499.9725,105500.0151,85
805,200,1000,-27699.9723,105500.0151,85
806,200,1000,-28299.9717,105500.0151,24
807,200,1000,-28499.9715,105500.0151,62
808,200,1000,-28699.9713,105500.0151,66
809,200,1000,-28899.9711,105500.0151,66
810,200,1000,-29099.9709,105500.0151,86
811,200,1000,-29299.9707,105500.0151,99
812,200,1000,-29499.9705,105500.0151,97
813,200,1000,-29699.9703,105500.0151,85
814,200,1000,-29899.9701,105500.0151,63
815,200,1000,-30099.9699,105500.0151,52
816,200,1000,-30299.9697,105500.0151,34
817,200,1000,-30499.9695,105500.0151,12
818,200,1000,-32899.9671,105500.0151,80
819,200,1000,-33099.9669,105500.0151,61
820,200,1000,-33299.9667,105500.0151,60
821,200,1000,-33499.9665,105500.0151,72
822,200,1000,-33699.9663,105500.0151,80
823,200,1000,-33899.9661,105500.0151,78
824,200,1000,-34099.9659,105500.0151,31
825,200,1000,-35399.9646,105500.0151,45
826,200,1000,-35599.9644,105500.0151,74
827,200,1000,-35799.9642,105500.0151,45
828,200,1000,-35999.964,105500.0151,39
829,200,1000,-36199.9638,105500.0151,63
830,200,1000,-37499.9625,105500.0151,8
831,200,1000,-38199.9618,105500.0151,35
832,200,1000,-26799.9732,106500.0147,35
833,200,1000,-26999.973,106500.0147,104
834,200,1000,-27299.9727,106500.0147,110
835,200,1000,-27499.9725,106500.0147,108
836,200,1000,-27699.9723,106500.0147,94
837,200,1000,-27899.9721,106500.0147,66
838,200,1000,-28099.9719,106500.0147,65
839,200,1000,-28299.9717,106500.0147,51
840,200,1000,-28599.9714,106500.0147,15
841,200,1000,-28799.9712,106500.0147,41
842,200,1000,-28999.971,106500.0147,34
843,200,1000,-46299.9537,106500.0147,20
844,200,1000,-26699.9733,107500.0143,72
845,200,1000,-26899.9731,107500.0143,104
846,200,1000,-27099.9729,107500.0143,110
847,200,1000,-27299.9727,107500.0143,104
848,200,1000,-27499.9725,107500.0143,53
849,200,1000,-32899.9671,107500.0143,11
850,200,1000,-39799.9602,107500.0143,15
851,200,1000,-39999.96,107500.0143,55
852,200,1000,-40199.9598,107500.0143,61
853,200,1000,-40399.9596,107500.0143,59
854,200,1000,-40599.9594,107500.0143,59
855,200,1000,-40799.9592,107500.0143,59
856,200,1000,-40999.959,107500.0143,31
857,200,1000,-41199.9588,107500.0143,22
858,200,1000,-41399.9586,107500.0143,59
859,200,1000,-41599.9584,107500.0143,40
860,200,1000,-26299.9737,108500.0139,79
861,200,1000,-26499.9735,108500.0139,109
862,200,1000,-26699.9733,108500.0139,109
863,200,1000,-26899.9731,108500.0139,104
864,200,1000,-27099.9729,108500.0139,72
865,200,1000,-40999.959,108500.0139,17
866,200,1000,-41199.9588,108500.0139,5
867,200,1000,-41399.9586,108500.0139,24
868,200,1000,-41599.9584,108500.0139,44
869,200,1000,-42299.9577,108500.0139,25
870,200,1000,-42499.9575,108500.0139,30
871,200,1000,-25799.9742,109500.0135,69
872,200,1000,-25999.974,109500.0135,107
873,200,1000,-26199.9738,109500.0135,107
874,200,1000,-26399.9736,109500.0135,83
875,200,1000,-26599.9734,109500.0135,20
876,200,1000,-43299.9567,109500.0135,15
877,200,1000,-25399.9746,110500.0131,25
878,200,1000,-25599.9744,110500.0131,73
879,200,1000,-25799.9742,110500.0131,107
880,200,1000,-25999.974,110500.0131,100
881,200,1000,-26199.9738,110500.0131,61
882,200,1000,-25099.9749,111500.0127,25
883,200,1000,-25299.9747,111500.0127,97
884,200,1000,-25499.9745,111500.0127,108
885,200,1000,-25899.9741,111500.0127,62
886,200,1000,-47499.9525,111500.0127,22
887,200,1000,-25099.9749,112500.0123,37
888,200,1000,-25299.9747,112500.0123,84
889,200,1000,-25499.9745,112500.0123,108
890,200,1000,-25699.9743,112500.0123,89
891,200,1000,-25899.9741,112500.0123,20
892,200,1000,-25099.9749,113500.0119,26
893,200,1000,-25299.9747,113500.0119,99
894,200,1000,-25499.9745,113500.0119,82
895,200,1000,-24799.9752,114500.0115,78
896,200,1000,-24999.975,114500.0115,105
897,200,1000,-25199.9748,114500.0115,107
898,200,1000,-25399.9746,114500.0115,61
899,200,1000,-24599.9754,115500.0111,35
900,200,1000,-24799.9752,115500.0111,104
901,200,1000,-24999.975,115500.0111,94
902,200,1000,-24199.9758,116500.0107,37
903,200,1000,-24399.9756,116500.0107,89
904,200,1000,-24599.9754,116500.0107,108
905,200,1000,-24799.9752,116500.0107,98
906,200,1000,-24999.975,116500.0107,65
907,200,1000,-24399.9756,117500.0103,45
908,200,1000,-24599.9754,117500.0103,106
909,200,1000,-24799.9752,117500.0103,88
910,200,1000,-24999.975,117500.0103,20
911,200,1000,-23399.9766,118500.0099,45
912,200,1000,-23599.9764,118500.0099,76
913,200,1000,-23799.9762,118500.0099,108
914,200,1000,-23999.976,118500.0099,108
915,200,1000,-24199.9758,118500.0099,108
916,200,1000,-24399.9756,118500.0099,93
917,200,1000,-24599.9754,118500.0099,53
918,200,1000,-22299.9777,119500.0095,8
919,200,1000,-22499.9775,119500.0095,63
920,200,1000,-22699.9773,119500.0095,102
921,200,1000,-22899.9771,119500.0095,108
922,200,1000,-23099.9769,119500.0095,99
923,200,1000,-23299.9767,119500.0095,45
924,200,1000,-21699.9783,120500.0091,14
925,200,1000,-21899.9781,120500.0091,71
926,200,1000,-22099.9779,120500.0091,99
927,200,1000,-22299.9777,120500.0091,108
928,200,1000,-22499.9775,120500.0091,93
929,200,1000,-22699.9773,120500.0091,34
930,200,1000,-21099.9789,121500.0087,45
931,200,1000,-21299.9787,121500.0087,85
932,200,1000,-21499.9785,121500.0087,105
933,200,1000,-21699.9783,121500.0087,47
934,200,1000,-21899.9781,121500.0087,26
935,200,1000,-20499.9795,122500.0083,25
936,200,1000,-20699.9793,122500.0083,85
937,200,1000,-20899.9791,122500.0083,105
938,200,1000,-21099.9789,122500.0083,93
939,200,1000,-19899.9801,123500.0079,9
940,200,1000,-20099.9799,123500.0079,77
941,200,1000,-20299.9797,123500.0079,106
942,200,1000,-20499.9795,123500.0079,88
943,200,1000,-19799.9802,124500.0075,24
944,200,1000,-19999.98,124500.0075,86
945,200,1000,-20199.9798,124500.0075,108
946,200,1000,-20399.9796,124500.0075,88
947,200,1000,-19099.9809,125500.0071,3
948,200,1000,-19299.9807,125500.0071,49
949,200,1000,-19499.9805,125500.0071,70
950,200,1000,-19699.9803,125500.0071,85
951,200,1000,-19899.9801,125500.0071,105
952,200,1000,-20099.9799,125500.0071,107
953,200,1000,-20299.9797,125500.0071,66
954,200,1000,-20499.9795,125500.0071,4
955,200,1000,-19799.9802,126500.0067,37
956,200,1000,-19999.98,126500.0067,96
957,200,1000,-20199.9798,126500.0067,104
958,200,1000,-20399.9796,126500.0067,64
959,200,1000,-19699.9803,127500.0063,15
960,200,1000,-19899.9801,127500.0063,92
961,200,1000,-20099.9799,127500.0063,108
962,200,1000,-20299.9797,127500.0063,73
963,200,1000,-20499.9795,127500.0063,17
964,200,1000,-20099.9799,128500.0059,53
965,200,1000,-20299.9797,128500.0059,95
966,200,1000,-20499.9795,128500.0059,106
967,200,1000,-20699.9793,128500.0059,50
968,200,1000,-20199.9798,129500.0055,30
969,200,1000,-20399.9796,129500.0055,90
970,200,1000,-20599.9794,129500.0055,105
971,200,1000,-20799.9792,129500.0055,93
972,200,1000,-20999.979,129500.0055,28
973,200,1000,-20099.9799,130500.0051,69
974,200,1000,-20299.9797,130500.0051,103
975,200,1000,-20499.9795,130500.0051,98
976,200,1000,-20699.9793,130500.0051,28
977,200,1000,-19599.9804,131500.0047,52
978,200,1000,-19799.9802,131500.0047,89
979,200,1000,-19999.98,131500.0047,58
980,200,1000,-20199.9798,131500.0047,58
981,200,1000,-20399.9796,131500.0047,62
982,200,1000,-20599.9794,131500.0047,85
983,200,1000,-20799.9792,131500.0047,83
984,200,1000,-19299.9807,132500.0043,24
985,200,1000,-19499.9805,132500.0043,55
986,200,1000,-19699.9803,132500.0043,72
987,200,1000,-19899.9801,132500.0043,70
988,200,1000,-21399.9786,132500.0043,42
989,200,1000,-21599.9784,132500.0043,55
990,200,1000,-21799.9782,132500.0043,75
991,200,1000,-21999.978,132500.0043,75
992,200,1000,-22199.9778,132500.0043,35
993,200,1000,-28699.9713,132500.0043,16
994,200,1000,-28899.9711,132500.0043,19
995,200,1000,-17999.982,133500.0039,17
996,200,1000,-18199.9818,133500.0039,71
997,200,1000,-18399.9816,133500.0039,32
998,200,1000,-22699.9773,133500.0039,10
999,200,1000,-22899.9771,133500.0039,55
1000,200,1000,-23099.9769,133500.0039,85
1001,200,1000,-23299.9767,133500.0039,20
1002,200,1000,-26199.9738,133500.0039,7
1003,200,1000,-27799.9722,133500.0039,36
1004,200,1000,-27999.972,133500.0039,20
1005,200,1000,-14699.9853,134500.0035,29
1006,200,1000,-14899.9851,134500.0035,46
1007,200,1000,-15099.9849,134500.0035,4
1008,200,1000,-23799.9762,134500.0035,75
1009,200,1000,-25399.9746,134500.0035,15
1010,200,1000,-25599.9744,134500.0035,62
1011,200,1000,-25799.9742,134500.0035,29
1012,200,1000,-25999.974,134500.0035,13
1013,200,1000,-26199.9738,134500.0035,3
1014,200,1000,-26399.9736,134500.0035,9
1015,200,1000,-26599.9734,134500.0035,23
1016,200,1000,-26799.9732,134500.0035,20
1017,200,1000,-26999.973,134500.0035,37
1018,200,1000,-27299.9727,134500.0035,46
1019,200,1000,-27499.9725,134500.0035,46
1020,200,1000,-27699.9723,134500.0035,37
1021,200,1000,-14799.9852,135500.0031,25
1022,200,1000,-14999.985,135500.0031,20
1023,200,1000,-24099.9759,135500.0031,35
1024,200,1000,-24299.9757,135500.0031,20
1025,200,1000,-25299.9747,135500.0031,38
1026,200,1000,-25499.9745,135500.0031,66
1027,200,1000,-25699.9743,135500.0031,67
1028,200,1000,-28099.9719,135500.0031,32
1029,200,1000,-28299.9717,135500.0031,31
1030,200,1000,-28499.9715,135500.0031,17
1031,200,1000,-28699.9713,135500.0031,4
1032,200,1000,-14099.9859,136500.0027,35
1033,200,1000,-14299.9857,136500.0027,32
1034,200,1000,-23999.976,136500.0027,13
1035,200,1000,-24199.9758,136500.0027,97
1036,200,1000,-24399.9756,136500.0027,47
1037,200,1000,-24899.9751,136500.0027,37
1038,200,1000,-25099.9749,136500.0027,44
1039,200,1000,-28899.9711,136500.0027,3
1040,200,1000,-29099.9709,136500.0027,17
1041,200,1000,-13199.9868,137500.0023,10
1042,200,1000,-13399.9866,137500.0023,31
1043,200,1000,-23999.976,137500.0023,6
1044,200,1000,-24199.9758,137500.0023,70
1045,200,1000,-24399.9756,137500.0023,103
1046,200,1000,-24599.9754,137500.0023,103
1047,200,1000,-24799.9752,137500.0023,56
1048,200,1000,-11699.9883,138500.0019,14
1049,200,1000,-12699.9873,138500.0019,15
1050,200,1000,-12899.9871,138500.0019,8
1051,200,1000,-23399.9766,138500.0019,29
1052,200,1000,-23599.9764,138500.0019,85
1053,200,1000,-23799.9762,138500.0019,101
1054,200,1000,-23999.976,138500.0019,102
1055,200,1000,-24199.9758,138500.0019,96
1056,200,1000,-24399.9756,138500.0019,66
1057,200,1000,-12099.9879,139500.0015,18
1058,200,1000,-22699.9773,139500.0015,5
1059,200,1000,-22999.977,139500.0015,39
1060,200,1000,-23199.9768,139500.0015,72
1061,200,1000,-23399.9766,139500.0015,102
1062,200,1000,-23599.9764,139500.0015,99
1063,200,1000,-23799.9762,139500.0015,98
1064,200,1000,-23999.976,139500.0015,97
1065,200,1000,-24199.9758,139500.0015,97
1066,200,1000,-24399.9756,139500.0015,90
1067,200,1000,-24599.9754,139500.0015,77
1068,200,1000,-24799.9752,139500.0015,35
1069,200,1000,-24999.975,139500.0015,8
1070,200,1000,-11399.9886,140500.0011,8
1071,200,1000,-23199.9768,140500.0011,14
1072,200,1000,-23399.9766,140500.0011,70
1073,200,1000,-23599.9764,140500.0011,102
1074,200,1000,-23799.9762,140500.0011,101
1075,200,1000,-23999.976,140500.0011,97
1076,200,1000,-24199.9758,140500.0011,97
1077,200,1000,-24399.9756,140500.0011,94
1078,200,1000,-24599.9754,140500.0011,67
1079,200,1000,-24799.9752,140500.0011,39
1080,200,1000,-24999.975,140500.0011,34
1081,200,1000,-25199.9748,140500.0011,42
1082,200,1000,-25399.9746,140500.0011,68
1083,200,1000,-25599.9744,140500.0011,81
1084,200,1000,-25799.9742,140500.0011,24
1085,200,1000,-22999.977,141500.0007,12
1086,200,1000,-23199.9768,141500.0007,42
1087,200,1000,-23399.9766,141500.0007,61
1088,200,1000,-23599.9764,141500.0007,89
1089,200,1000,-23799.9762,141500.0007,103
1090,200,1000,-23999.976,141500.0007,100
1091,200,1000,-24199.9758,141500.0007,90
1092,200,1000,-24399.9756,141500.0007,56
1093,200,1000,-24599.9754,141500.0007,40
1094,200,1000,-26699.9733,141500.0007,42
1095,200,1000,-26899.9731,141500.0007,8
1096,200,1000,-22799.9772,142500.0003,35
1097,200,1000,-22999.977,142500.0003,54
1098,200,1000,-23199.9768,142500.0003,83
1099,200,1000,-23399.9766,142500.0003,101
1100,200,1000,-23599.9764,142500.0003,103
1101,200,1000,-23799.9762,142500.0003,100
1102,200,1000,-23999.976,142500.0003,75
1103,200,1000,-24199.9758,142500.0003,27
1104,200,1000,-27299.9727,142500.0003,55
1105,200,1000,-27499.9725,142500.0003,9
1106,200,1000,-22599.9774,143499.9999,48
1107,200,1000,-22799.9772,143499.9999,102
1108,200,1000,-22999.977,143499.9999,103
1109,200,1000,-23199.9768,143499.9999,102
1110,200,1000,-23399.9766,143499.9999,87
1111,200,1000,-23599.9764,143499.9999,57
1112,200,1000,-23799.9762,143499.9999,7
1113,200,1000,-28399.9716,143499.9999,21
1114,200,1000,-28599.9714,143499.9999,59
1115,200,1000,-28799.9712,143499.9999,57
1116,200,1000,-29499.9705,143499.9999,7
1117,200,1000,-21899.9781,144499.9995,11
1118,200,1000,-22099.9779,144499.9995,92
1119,200,1000,-22299.9777,144499.9995,103
1120,200,1000,-22499.9775,144499.9995,100
1121,200,1000,-22699.9773,144499.9995,94
1122,200,1000,-22899.9771,144499.9995,72
1123,200,1000,-23099.9769,144499.9995,31
1124,200,1000,-30399.9696,144499.9995,19
1125,200,1000,-19599.9804,145499.9991,9
1126,200,1000,-21299.9787,145499.9991,40
1127,200,1000,-21499.9785,145499.9991,93
1128,200,1000,-21699.9783,145499.9991,103
1129,200,1000,-21899.9781,145499.9991,102
1130,200,1000,-22099.9779,145499.9991,73
1131,200,1000,-22299.9777,145499.9991,32
1132,200,1000,-31499.9685,145499.9991,7
1133,200,1000,-31699.9683,145499.9991,51
1134,200,1000,-31899.9681,145499.9991,2
1135,200,1000,-33599.9664,145499.9991,7
1136,200,1000,-20299.9797,146499.9987,29
1137,200,1000,-20499.9795,146499.9987,70
1138,200,1000,-20699.9793,146499.9987,92
1139,200,1000,-20899.9791,146499.9987,102
1140,200,1000,-21099.9789,146499.9987,102
1141,200,1000,-21299.9787,146499.9987,101
1142,200,1000,-21499.9785,146499.9987,75
1143,200,1000,-32599.9674,146499.9987,4
1144,200,1000,-32799.9672,146499.9987,48
1145,200,1000,-32999.967,146499.9987,92
1146,200,1000,-33199.9668,146499.9987,44
1147,200,1000,-33399.9666,146499.9987,36
1148,200,1000,-33599.9664,146499.9987,10
1149,200,1000,-18699.9813,147499.9983,24
1150,200,1000,-18899.9811,147499.9983,13
1151,200,1000,-19199.9808,147499.9983,7
1152,200,1000,-19399.9806,147499.9983,42
1153,200,1000,-19599.9804,147499.9983,72
1154,200,1000,-19799.9802,147499.9983,100
1155,200,1000,-19999.98,147499.9983,101
1156,200,1000,-20199.9798,147499.9983,97
1157,200,1000,-20399.9796,147499.9983,92
1158,200,1000,-20599.9794,147499.9983,81
1159,200,1000,-20799.9792,147499.9983,74
1160,200,1000,-20999.979,147499.9983,71
1161,200,1000,-21199.9788,147499.9983,73
1162,200,1000,-21399.9786,147499.9983,30
1163,200,1000,-32699.9673,147499.9983,30
1164,200,1000,-32899.9671,147499.9983,40
1165,200,1000,-19099.9809,148499.9979,37
1166,200,1000,-19299.9807,148499.9979,97
1167,200,1000,-19499.9805,148499.9979,101
1168,200,1000,-19899.9801,148499.9979,27
1169,200,1000,-21399.9786,148499.9979,17
1170,200,1000,-21599.9784,148499.9979,59
1171,200,1000,-21799.9782,148499.9979,34
1172,200,1000,-21999.978,148499.9979,11
1173,200,1000,-31999.968,148499.9979,45
1174,200,1000,-18699.9813,149499.9975,5
1175,200,1000,-18899.9811,149499.9975,79
1176,200,1000,-19099.9809,149499.9975,99
1177,200,1000,-19299.9807,149499.9975,83
1178,200,1000,-19499.9805,149499.9975,12
1179,200,1000,-21899.9781,149499.9975,17
1180,200,1000,-22099.9779,149499.9975,53
1181,200,1000,-22299.9777,149499.9975,46
1182,200,1000,-22499.9775,149499.9975,35
1183,200,1000,-31999.968,149499.9975,9
1184,200,1000,-32199.9678,149499.9975,26
1185,200,1000,-32399.9676,149499.9975,27
1186,200,1000,-32599.9674,149499.9975,36
1187,200,1000,-32799.9672,149499.9975,42
1188,200,1000,-32999.967,149499.9975,36
1189,200,1000,-33199.9668,149499.9975,36
1190,200,1000,-33399.9666,149499.9975,38
1191,200,1000,-33599.9664,149499.9975,37
1192,200,1000,-33799.9662,149499.9975,37
1193,200,1000,-33999.966,149499.9975,26
1194,200,1000,-34199.9658,149499.9975,16
1195,200,1000,-34599.9654,149499.9975,14
1196,200,1000,-34799.9652,149499.9975,25
1197,200,1000,-34999.965,149499.9975,2
1198,200,1000,-18799.9812,150499.9971,99
1199,200,1000,-18999.981,150499.9971,43
1200,200,1000,-22099.9779,150499.9971,37
1201,200,1000,-34699.9653,150499.9971,21
1202,200,1000,-18299.9817,151499.9967,15
1203,200,1000,-18499.9815,151499.9967,90
1204,200,1000,-18699.9813,151499.9967,86
1205,200,1000,-21799.9782,151499.9967,5
1206,200,1000,-21999.978,151499.9967,34
1207,200,1000,-22199.9778,151499.9967,33
1208,200,1000,-34399.9656,151499.9967,11
1209,200,1000,-34599.9654,151499.9967,21
1210,200,1000,-17899.9821,152499.9963,17
1211,200,1000,-18099.9819,152499.9963,82
1212,200,1000,-18299.9817,152499.9963,100
1213,200,1000,-18499.9815,152499.9963,92
1214,200,1000,-18699.9813,152499.9963,7
1215,200,1000,-21499.9785,152499.9963,28
1216,200,1000,-21699.9783,152499.9963,12
1217,200,1000,-34399.9656,152499.9963,26
1218,200,1000,-34599.9654,152499.9963,17
1219,200,1000,-34799.9652,152499.9963,8
1220,200,1000,-17299.9827,153499.9959,23
1221,200,1000,-17499.9825,153499.9959,73
1222,200,1000,-17699.9823,153499.9959,100
1223,200,1000,-17899.9821,153499.9959,101
1224,200,1000,-18099.9819,153499.9959,101
1225,200,1000,-34299.9657,153499.9959,6
1226,200,1000,-34499.9655,153499.9959,20
1227,200,1000,-16999.983,154499.9955,2
1228,200,1000,-17199.9828,154499.9955,43
1229,200,1000,-17399.9826,154499.9955,88
1230,200,1000,-17599.9824,154499.9955,101
1231,200,1000,-17799.9822,154499.9955,91
1232,200,1000,-17999.982,154499.9955,8
1233,200,1000,-34499.9655,154499.9955,17
1234,200,1000,-16899.9831,155499.9951,9
1235,200,1000,-17099.9829,155499.9951,55
1236,200,1000,-17299.9827,155499.9951,99
1237,200,1000,-17499.9825,155499.9951,76
1238,200,1000,-17699.9823,155499.9951,15
1239,200,1000,-34299.9657,155499.9951,1
1240,200,1000,-16599.9834,156499.9947,17
1241,200,1000,-16799.9832,156499.9947,56
1242,200,1000,-16999.983,156499.9947,92
1243,200,1000,-17199.9828,156499.9947,101
1244,200,1000,-17399.9826,156499.9947,35
1245,200,1000,-16299.9837,157499.9943,20
1246,200,1000,-16499.9835,157499.9943,48
1247,200,1000,-16699.9833,157499.9943,83
1248,200,1000,-16899.9831,157499.9943,101
1249,200,1000,-17099.9829,157499.9943,59
1250,200,1000,-16199.9838,158499.9939,45
1251,200,1000,-16399.9836,158499.9939,92
1252,200,1000,-16599.9834,158499.9939,86
1253,200,1000,-16799.9832,158499.9939,5
1254,200,1000,-15799.9842,159499.9935,18
1255,200,1000,-15999.984,159499.9935,87
1256,200,1000,-16199.9838,159499.9935,98
1257,200,1000,-16399.9836,159499.9935,71
1258,200,1000,-15299.9847,160499.9931,28
1259,200,1000,-15499.9845,160499.9931,15
1260,200,1000,-15699.9843,160499.9931,72
1261,200,1000,-15899.9841,160499.9931,101
1262,200,1000,-16099.9839,160499.9931,87
1263,200,1000,-16299.9837,160499.9931,40
1264,200,1000,-15299.9847,161499.9927,69
1265,200,1000,-15499.9845,161499.9927,101
1266,200,1000,-15699.9843,161499.9927,84
1267,200,1000,-15899.9841,161499.9927,57
1268,200,1000,-16099.9839,161499.9927,63
1269,200,1000,-16299.9837,161499.9927,44
1270,200,1000,-14699.9853,162499.9923,25
1271,200,1000,-15299.9847,162499.9923,96
1272,200,1000,-15499.9845,162499.9923,38
1273,200,1000,-14699.9853,163499.9919,66
1274,200,1000,-14899.9851,163499.9919,98
1275,200,1000,-15099.9849,163499.9919,55
1276,200,1000,-14499.9855,164499.9915,13
1277,200,1000,-14699.9853,164499.9915,86
1278,200,1000,-14899.9851,164499.9915,96
1279,200,1000,-15099.9849,164499.9915,25
1280,200,1000,-14599.9854,165499.9911,10
1281,200,1000,-14799.9852,165499.9911,85
1282,200,1000,-15099.9849,165499.9911,63
1283,200,1000,-14699.9853,166499.9907,15
1284,200,1000,-14899.9851,166499.9907,75
1285,200,1000,-15099.9849,166499.9907,96
1286,200,1000,-15299.9847,166499.9907,63
1287,200,1000,-15099.9849,167499.9903,15
1288,200,1000,-15299.9847,167499.9903,88
1289,200,1000,-15499.9845,167499.9903,94
1290,200,1000,-15699.9843,167499.9903,13
1291,200,1000,-15499.9845,168499.9899,51
1292,200,1000,-15699.9843,168499.9899,95
1293,200,1000,-15899.9841,168499.9899,89
1294,200,1000,-15599.9844,169499.9895,5
1295,200,1000,-15799.9842,169499.9895,72
1296,200,1000,-15999.984,169499.9895,100
1297,200,1000,-16199.9838,169499.9895,71
1298,200,1000,-16099.9839,170499.9891,47
1299,200,1000,-16299.9837,170499.9891,95
1300,200,1000,-16499.9835,170499.9891,97
1301,200,1000,-16699.9833,170499.9891,46
1302,200,1000,-16199.9838,171499.9887,35
1303,200,1000,-16399.9836,171499.9887,89
1304,200,1000,-16599.9834,171499.9887,94
1305,200,1000,-16799.9832,171499.9887,29
1306,200,1000,-15899.9841,172499.9883,37
1307,200,1000,-16099.9839,172499.9883,90
1308,200,1000,-16299.9837,172499.9883,98
1309,200,1000,-16499.9835,172499.9883,89
1310,200,1000,-16699.9833,172499.9883,52
1311,200,1000,-15799.9842,173499.9879,53
1312,200,1000,-15999.984,173499.9879,97
1313,200,1000,-16199.9838,173499.9879,99
1314,200,1000,-16399.9836,173499.9879,69
1315,200,1000,-15599.9844,174499.9875,18
1316,200,1000,-15799.9842,174499.9875,77
1317,200,1000,-15999.984,174499.9875,97
1318,200,1000,-16199.9838,174499.9875,70
1319,200,1000,-15299.9847,175499.9871,39
1320,200,1000,-15499.9845,175499.9871,92
1321,200,1000,-15699.9843,175499.9871,97
1322,200,1000,-15899.9841,175499.9871,66
1323,200,1000,-14899.9851,176499.9867,9
1324,200,1000,-15099.9849,176499.9867,79
1325,200,1000,-15299.9847,176499.9867,98
1326,200,1000,-15499.9845,176499.9867,64
1327,200,1000,-15699.9843,176499.9867,8
1328,200,1000,-14799.9852,177499.9863,38
1329,200,1000,-14999.985,177499.9863,97
1330,200,1000,-15199.9848,177499.9863,89
1331,200,1000,-15399.9846,177499.9863,18
1332,200,1000,-14199.9858,178499.9859,44
1333,200,1000,-14399.9856,178499.9859,95
1334,200,1000,-14599.9854,178499.9859,97
1335,200,1000,-14799.9852,178499.9859,84
1336,200,1000,-14999.985,178499.9859,65
1337,200,1000,-15199.9848,178499.9859,33
1338,200,1000,-11999.988,179499.9855,10
1339,200,1000,-14099.9859,179499.9855,14
1340,200,1000,-14299.9857,179499.9855,66
1341,200,1000,-14499.9855,179499.9855,97
1342,200,1000,-14699.9853,179499.9855,75
1343,200,1000,-12799.9872,180499.9851,21
1344,200,1000,-12999.987,180499.9851,38
1345,200,1000,-13999.986,180499.9851,7
1346,200,1000,-14199.9858,180499.9851,90
1347,200,1000,-14399.9856,180499.9851,97
1348,200,1000,-14599.9854,180499.9851,75
1349,200,1000,-13399.9866,181499.9847,26
1350,200,1000,-13599.9864,181499.9847,57
1351,200,1000,-13799.9862,181499.9847,74
1352,200,1000,-13999.986,181499.9847,44
1353,200,1000,-14199.9858,181499.9847,81
1354,200,1000,-14399.9856,181499.9847,96
1355,200,1000,-14599.9854,181499.9847,58
1356,200,1000,-10199.9898,182499.9843,6
1357,200,1000,-10399.9896,182499.9843,13
1358,200,1000,-10699.9893,182499.9843,30
1359,200,1000,-10899.9891,182499.9843,32
1360,200,1000,-11099.9889,182499.9843,31
1361,200,1000,-11299.9887,182499.9843,32
1362,200,1000,-12999.987,182499.9843,24
1363,200,1000,-13199.9868,182499.9843,36
1364,200,1000,-13799.9862,182499.9843,32
1365,200,1000,-13999.986,182499.9843,87
1366,200,1000,-14199.9858,182499.9843,96
1367,200,1000,-14499.9855,182499.9843,44
1368,200,1000,-9799.9902000001,183499.9839,14
1369,200,1000,-13499.9865,183499.9839,17
1370,200,1000,-13699.9863,183499.9839,69
1371,200,1000,-13899.9861,183499.9839,95
1372,200,1000,-14099.9859,183499.9839,70
1373,200,1000,-9399.9906000003,184499.9835,14
1374,200,1000,-9599.9904000002,184499.9835,33
1375,200,1000,-13499.9865,184499.9835,25
1376,200,1000,-13699.9863,184499.9835,96
1377,200,1000,-13699.9863,184499.9835,96
1378,200,1000,-14299.9857,184499.9835,19
1379,200,1000,-14499.9855,184499.9835,19
1380,200,1000,-14699.9853,184499.9835,16
1381,200,1000,-13299.9867,185499.9831,5
1382,200,1000,-13799.9862,185499.9831,70
1383,200,1000,-8499.9915000002,186499.9827,18
1384,200,1000,-13399.9866,186499.9827,73
1385,200,1000,-13799.9862,186499.9827,56
1386,200,1000,-13099.9869,187499.9823,24
1387,200,1000,-13399.9866,187499.9823,85
1388,200,1000,-13599.9864,187499.9823,62
1389,200,1000,-12799.9872,188499.9819,51
1390,200,1000,-12999.987,188499.9819,94
1391,200,1000,-13199.9868,188499.9819,93
1392,200,1000,-13399.9866,188499.9819,48
1393,200,1000,-12799.9872,189499.9815,81
1394,200,1000,-12999.987,189499.9815,87
1395,200,1000,-13199.9868,189499.9815,34
1396,200,1000,-12599.9874,190499.9811,86
1397,200,1000,-12799.9872,190499.9811,87
1398,200,1000,-12999.987,190499.9811,62
1399,200,1000,-13199.9868,190499.9811,37
1400,200,1000,-13399.9866,190499.9811,29
