0.000281045609799323
0.0124111374212404
0.0527953301180144
0.229001893531748
0.602514823218886
1.09748879730107
1.63267688456222
2.16253870230554
2.67454811998584
3.16392542568972
3.62203198417406
4.04329894061339
4.42282345720022
4.7636594509183
5.0720477743146
5.34835960816522
5.59150104409048
5.80516368397478
5.99790011736171
6.18383721992681
6.36982590133623
6.551785717736
6.7254542154921
6.88837901051429
7.03977186322999
7.17999189015521
7.30840385465865
7.41890227120293
7.50974790497483
7.58637011517
7.65512199612516
7.72896778216892
7.81421569983712
7.9058332473738
7.99814889259362
8.08717345049599
8.17187271004269
8.25169835676246
8.32348336207305
8.3797701499047
8.41981856644499
8.45066386673945
8.48325450166215
8.57043386826135
8.74692623205361
8.98409365645743
9.24268150010053
9.49617274700306
9.72330807684729
9.91231330768925
10.0547902329033
10.1480713119109
10.2043518499291
10.2416364503141
10.2744021880654
10.3346983967883
10.444410836625
10.589168618323
10.7447395823869
10.8898954763425
11.0165054508098
11.1257653520017
11.2059861086846
11.245012230637
11.2511800710916
11.2414770604775
11.2284247762753
11.2624360680205
11.4196811787083
11.6890275539791
12.0019428908008
12.3082479840459
12.56781362743
12.7611155136115
12.8765089742287
12.8985044840727
12.8427724213957
12.7527307855276
12.6653267447867
12.6567944244402
12.7788733959031
12.9918872318434
13.2278268295698
13.4301366753679
13.5616830604387
13.6177896570831
13.6212028491355
13.5748721217982
13.4953080226206
13.4211638827015
13.4020754305254
13.4876398011741
13.6825955181614
13.9467744553434
14.2292287703888
14.4804060256794
14.6648161336217
14.7655880117582
14.7734731653579
14.6869557248428
14.5305007810628
14.3536854132928
14.2284765763699
14.2296011097229
14.36497955998
14.5842514012293
14.8321541743697
15.0604617953629
15.2335759593977
15.3411189931691
15.3730315131204
15.3056287870062
15.1659701082371
15.0117663070104
14.913581158921
14.9328527486195
15.0629172760525
15.2548746167322
15.4590981111246
15.6305013821256
15.739899074304
15.7849592082645
15.7628136893252
15.6525851145362
15.4778075753925
15.2847534750829
15.141505128591
15.116615987496
15.2165256742786
15.3950733244538
15.58785541463
15.7413449452284
15.828721748619
15.8649970380059
15.8406621985791
15.7263442421454
15.5457136466948
15.3550751178341
15.2389706655852
15.2567687534329
15.388786837333
15.5781978367701
15.7727814695242
15.9425051656775
16.0697469634716
16.1537297281426
16.1635197845036
16.0688758957344
15.889655488129
15.6733330046531
15.5033940655765
15.4630709136985
15.5575789411631
15.7334767568137
15.9350190237184
16.1185943877759
16.2574812229374
16.3417254225241
16.337587827172
16.2194917925745
16.0410873579866
15.8429372738039
15.6446526678282
15.5324230194052
15.5665494720442
15.7093036767014
15.8887054087158
16.0517410125867
16.1727906334093
16.2357977170133
16.22126222855
16.1113372274491
15.9410958811465
