0.000281364185348442
0.0124190262105348
0.05282060973585
0.229099059204725
0.602727349542223
1.09781358005456
1.6330917834709
2.16302175530356
2.67508519966504
3.16450580465211
3.6226452476993
4.04393589998038
4.42347537296534
4.76432102521572
5.07271574373651
5.34903008602149
5.59216989849707
5.80582866691344
5.99856152594353
6.18449900977743
6.37049097153639
6.55245385650297
6.72612407369245
6.88904905301428
7.04044083198487
7.18065887912569
7.309067645363
7.41955942781415
7.51039604816971
7.58700920380998
7.65575347553087
7.72959674148022
7.81484610809542
7.90646575359736
7.99878264049581
8.08780715966014
8.17250564592488
8.25232981873753
8.32411164456923
8.38039144400151
8.42043084611524
8.45126789552503
8.48385413874695
8.57104979429889
8.7475774633401
8.98478283503737
9.24340249103888
9.49691722042328
9.72406592953065
9.91307537274032
10.055547294181
10.1488161029105
10.205082188439
10.2423543998417
10.2751115027556
10.3354107927144
10.4451376831301
10.5899127430035
10.7454978124047
10.8906614810886
11.0172743059135
11.1265341290874
11.2067482247159
11.24576008842
11.2519113597734
11.2421937300409
11.2291302049067
11.2631491253287
11.4204386380733
11.6898476641463
12.0028197340154
12.3091666266299
12.5687528815682
12.7620557573164
12.8774316203245
12.8993913851115
12.8436166260704
12.7535378780145
12.6661073891658
12.657580995467
12.7797008681125
12.9927657384424
13.2287456226074
13.4310741904518
13.5626147663871
13.6186987471323
13.6220842973533
13.57571999862
13.4961238415836
13.4219577566178
13.402869335052
13.4884650293562
13.6834752680561
13.9477135480546
14.2302178653184
14.48142494371
14.6658410731808
14.766596367368
14.7744446308256
14.6878752151016
14.5313651367566
14.3545047463386
14.2292771846879
14.2304236399405
14.3658530837199
14.5851825163352
14.8331346716117
15.0614740156576
15.2345980555742
15.342133302631
15.3740196579207
15.3065691001294
15.16685830316
15.0126130847037
14.9144146430776
14.9337103543645
15.0638210399224
15.2558267498624
15.4600882985524
15.6315103334767
15.740905579276
15.785948041896
15.7637705215313
15.6534920803027
15.4786619818786
15.2855636349815
15.1422971600065
15.117427427177
15.2173837503903
15.3959838332672
15.588805472548
15.7423120350427
15.8296837933476
15.8659450337148
15.84158206343
15.7272167493554
15.5465349878794
15.3558568654602
15.2397460920831
15.2575766223568
15.3896465515433
15.579108161176
15.7737295449039
15.9434762030472
16.0707257175318
16.1547058041407
16.1644713596718
16.0697793736034
15.8905019071256
15.6741287309383
15.5041669660227
15.4638637820054
15.5584205799426
15.7343726074927
15.9359601002687
16.1195643065454
16.2584621000573
16.342701851757
16.338534723836
16.2203850426289
16.0419288995036
15.8437334287651
15.6454125086661
15.5331825158864
15.5673491931441
15.710157838888
15.889605054159
16.0526682811996
16.173728114975
16.236727705657
16.2221646075039
16.1121925554934
15.9419035602757
