110.5026178,31.04234255
110.5026178,31.04144165
110.5026178,31.04054075
110.5026178,31.03783805
110.5026178,31.03693715
110.5026178,31.03603625
110.5078534,31.04054075
110.5078534,31.03963985
110.5078534,31.03873895
110.5078534,31.03783805
110.5078534,31.03693715
110.5078534,31.03603625
110.5078534,31.03513535
110.5078534,31.03423445
110.5078534,31.03333355
110.5078534,30.96486515
110.513089,31.03963985
110.513089,31.03873895
110.513089,31.03783805
110.513089,31.03693715
110.513089,31.03603625
110.513089,31.03513535
110.513089,31.03423445
110.513089,31.03333355
110.513089,31.03243265
110.513089,30.96936965
110.5183246,31.03603625
110.5183246,31.03513535
110.5183246,31.03423445
110.5183246,31.03333355
110.5183246,31.03243265
110.5183246,31.03153175
110.5183246,30.96756785
110.5235602,31.03603625
110.5235602,31.03513535
110.5235602,31.03423445
110.5235602,31.03333355
110.5235602,31.03243265
110.5235602,31.03153175
110.5235602,31.03063085
110.5235602,31.02972995
110.5287958,31.03423445
110.5287958,31.03333355
110.5287958,31.03243265
110.5287958,31.03153175
110.5287958,31.03063085
110.5287958,31.02972995
110.5287958,31.02882905
110.5287958,30.97027055
110.5287958,30.96936965
110.5340314,31.03333355
110.5340314,31.03243265
110.5340314,31.03153175
110.5340314,31.03063085
110.5340314,31.02972995
110.5340314,31.02882905
110.5340314,31.02792815
110.5340314,31.02702725
110.5340314,30.96756785
110.539267,31.03153175
110.539267,31.03063085
110.539267,31.02972995
110.539267,31.02882905
110.539267,31.02792815
110.539267,31.02702725
110.539267,31.02612635
110.539267,31.02522545
110.539267,30.96576605
110.539267,30.96486515
110.5445026,31.02972995
110.5445026,31.02882905
110.5445026,31.02792815
110.5445026,31.02702725
110.5445026,31.02612635
110.5445026,31.02522545
110.5445026,31.02432455
110.5445026,30.96756785
110.5445026,30.96666695
110.5445026,30.96576605
110.5497382,31.02882905
110.5497382,31.02792815
110.5497382,31.02702725
110.5497382,31.02612635
110.5497382,31.02522545
110.5497382,31.02432455
110.5497382,31.02342365
110.5497382,31.02252275
110.5497382,31.02162185
110.5497382,31.02072095
110.5497382,31.01982005
110.5497382,30.96936965
110.5497382,30.96846875
110.5497382,30.96756785
110.5549738,31.02612635
110.5549738,31.02522545
110.5549738,31.02432455
110.5549738,31.02342365
110.5549738,31.02252275
110.5549738,31.02162185
110.5549738,31.02072095
110.5549738,31.01982005
110.5549738,31.01891915
110.5549738,31.01801825
110.5549738,31.01711735
110.5549738,31.01621645
110.5549738,31.01531555
110.5549738,31.01441465
110.5549738,31.01351375
110.5549738,31.01171195
110.5549738,30.97027055
110.5549738,30.96936965
110.5549738,30.96846875
110.5602094,31.01891915
110.5602094,31.01801825
110.5602094,31.01711735
110.5602094,31.01621645
110.5602094,31.01531555
110.5602094,31.01351375
110.5602094,31.01261285
110.5602094,31.01171195
110.5602094,30.97117145
110.5602094,30.97027055
110.5602094,30.96936965
110.565445,31.01711735
110.565445,31.01621645
110.565445,31.01531555
110.565445,31.01441465
110.565445,31.01351375
110.565445,31.01261285
110.565445,31.01171195
110.565445,31.01081105
110.565445,30.97297325
110.565445,30.97207235
110.565445,30.97117145
110.5706806,31.01621645
110.5706806,31.01531555
110.5706806,31.01441465
110.5706806,31.01351375
110.5706806,31.01261285
110.5706806,31.01171195
110.5706806,31.01081105
110.5706806,31.00991015
110.5706806,30.97297325
110.5706806,30.97207235
110.5759162,31.01351375
110.5759162,31.01261285
110.5759162,31.01171195
110.5759162,31.01081105
110.5759162,31.00991015
110.5759162,31.00900925
110.5759162,31.00810835
110.5759162,31.00720745
110.5759162,31.00630655
110.5759162,31.00540565
110.5759162,30.97207235
110.5759162,30.97117145
110.5759162,30.97027055
110.5811518,31.01081105
110.5811518,31.00991015
110.5811518,31.00900925
110.5811518,31.00810835
110.5811518,31.00720745
110.5811518,31.00630655
110.5811518,31.00540565
110.5811518,31.00450475
110.5811518,30.97297325
110.5811518,30.97207235
110.5863874,31.00900925
110.5863874,31.00810835
110.5863874,31.00720745
110.5863874,31.00630655
110.5863874,31.00540565
110.5863874,31.00450475
110.5863874,31.00360385
110.5863874,31.00270295
110.5863874,31.00180205
110.5863874,31.00090115
110.5863874,30.97207235
110.5863874,30.97117145
110.5863874,30.97027055
110.5863874,30.96936965
110.591623,31.00720745
110.591623,31.00630655
110.591623,31.00540565
110.591623,31.00450475
110.591623,31.00270295
110.591623,31.00180205
110.591623,31.00090115
110.591623,31.00000025
110.591623,30.97207235
110.591623,30.97117145
110.591623,30.97027055
110.591623,30.96936965
110.5968586,31.00630655
110.5968586,31.00540565
110.5968586,31.00450475
110.5968586,31.00360385
110.5968586,31.00270295
110.5968586,31.00180205
110.5968586,31.00090115
110.5968586,31.00000025
110.5968586,30.97117145
110.5968586,30.97027055
110.5968586,30.96936965
110.5968586,30.96846875
110.6020942,31.00900925
110.6020942,31.00810835
110.6020942,31.00720745
110.6020942,31.00630655
110.6020942,31.00540565
110.6020942,31.00450475
110.6020942,31.00360385
110.6020942,31.00270295
110.6020942,31.00180205
110.6020942,31.00090115
110.6020942,31.00000025
110.6020942,30.99909935
110.6020942,30.99819845
110.6020942,30.96846875
110.6020942,30.96756785
110.6020942,30.96666695
110.6020942,30.96576605
110.6073298,31.02252275
110.6073298,31.02162185
110.6073298,31.01982005
110.6073298,31.01891915
110.6073298,31.01801825
110.6073298,31.01711735
110.6073298,31.01621645
110.6073298,31.01531555
110.6073298,31.01441465
110.6073298,31.01351375
110.6073298,31.01261285
110.6073298,31.01171195
110.6073298,31.01081105
110.6073298,31.00991015
110.6073298,31.00900925
110.6073298,31.00810835
110.6073298,31.00450475
110.6073298,31.00360385
110.6073298,31.00270295
110.6073298,31.00180205
110.6073298,31.00090115
110.6073298,31.00000025
110.6073298,30.99909935
110.6073298,30.99819845
110.6073298,30.99729755
110.6073298,30.97207235
110.6073298,30.97117145
110.6073298,30.97027055
110.6073298,30.96936965
110.6073298,30.96846875
110.6073298,30.96756785
110.6073298,30.95405435
110.6073298,30.95315345
110.6125654,31.02432455
110.6125654,31.00360385
110.6125654,31.00270295
110.6125654,31.00180205
110.6125654,31.00090115
110.6125654,31.00000025
110.6125654,30.99909935
110.6125654,30.99819845
110.6125654,30.99729755
110.6125654,30.99639665
110.6125654,30.97657685
110.6125654,30.97567595
110.6125654,30.97477505
110.6125654,30.97387415
110.6125654,30.97117145
110.6125654,30.97027055
110.6125654,30.96936965
110.6125654,30.96846875
110.6125654,30.96756785
110.6125654,30.96666695
110.6125654,30.96576605
110.6125654,30.96486515
110.6125654,30.96396425
110.6125654,30.96306335
110.6125654,30.96216245
110.6125654,30.96126155
110.6125654,30.96036065
110.6125654,30.95945975
110.6125654,30.95855885
110.617801,31.00360385
110.617801,31.00270295
110.617801,31.00180205
110.617801,31.00090115
110.617801,31.00000025
110.617801,30.99909935
110.617801,30.99819845
110.617801,30.99729755
110.617801,30.99639665
110.617801,30.99549575
110.617801,30.98558585
110.617801,30.98468495
110.617801,30.98378405
110.617801,30.98288315
110.617801,30.98198225
110.617801,30.98108135
110.617801,30.98018045
110.617801,30.97927955
110.617801,30.97837865
110.617801,30.97747775
110.617801,30.97657685
110.617801,30.97567595
110.617801,30.97477505
110.6230366,31.00180205
110.6230366,31.00090115
110.6230366,31.00000025
110.6230366,30.99909935
110.6230366,30.99819845
110.6230366,30.99729755
110.6230366,30.99639665
110.6230366,30.99549575
110.6230366,30.98558585
110.6230366,30.98468495
110.6230366,30.98378405
110.6230366,30.98288315
110.6230366,30.98198225
110.6282722,31.00090115
110.6282722,31.00000025
110.6282722,30.99909935
110.6282722,30.99819845
110.6282722,30.99729755
110.6282722,30.99639665
110.6282722,30.99549575
110.6282722,30.99459485
110.6282722,30.99369395
110.6282722,30.99279305
110.6282722,30.99189215
110.6282722,30.99099125
110.6282722,30.99009035
110.6282722,30.98918945
110.6282722,30.98828855
110.6282722,30.98738765
110.6282722,30.98648675
110.6282722,30.98558585
110.6282722,30.98468495
110.6282722,30.98378405
110.6282722,30.98288315
110.6335078,31.00000025
110.6335078,30.99909935
110.6335078,30.99819845
110.6335078,30.99639665
110.6335078,30.99549575
110.6335078,30.99459485
110.6335078,30.99369395
110.6335078,30.98918945
110.6387434,31.00090115
110.6387434,31.00000025
110.6387434,30.99909935
110.6387434,30.99819845
110.6387434,30.99729755
110.6387434,30.99639665
110.6387434,30.99549575
110.6387434,30.99459485
110.6387434,30.99369395
110.6387434,30.99279305
110.643979,31.00270295
110.643979,31.00180205
110.643979,31.00090115
110.643979,31.00000025
110.643979,30.99909935
110.643979,30.99819845
110.643979,30.99729755
110.643979,30.99639665
110.643979,30.99549575
110.643979,30.99459485
110.6492146,31.00270295
110.6492146,31.00180205
110.6492146,31.00090115
110.6492146,31.00000025
110.6492146,30.99909935
110.6492146,30.99819845
110.6492146,30.99729755
110.6492146,30.99639665
110.6544502,31.00450475
110.6544502,31.00360385
110.6544502,31.00270295
110.6544502,31.00180205
110.6544502,31.00090115
110.6544502,31.00000025
110.6544502,30.99909935
110.6544502,30.99819845
110.6544502,30.99729755
110.6544502,30.99639665
110.6596858,31.00450475
110.6596858,31.00360385
110.6596858,31.00270295
110.6596858,31.00180205
110.6596858,31.00000025
110.6596858,30.99909935
110.6596858,30.99819845
110.6596858,30.99729755
110.6596858,30.99639665
110.6649214,31.00450475
110.6649214,31.00360385
110.6649214,31.00270295
110.6649214,31.00180205
110.6649214,31.00090115
110.6649214,31.00000025
110.6649214,30.99909935
110.6649214,30.99819845
110.670157,31.00540565
110.670157,31.00450475
110.670157,31.00360385
110.670157,31.00270295
110.670157,31.00180205
110.670157,31.00090115
110.670157,31.00000025
110.670157,30.99909935
110.670157,30.99819845
110.6753926,31.07027045
110.6753926,31.06936955
110.6753926,31.00630655
110.6753926,31.00540565
110.6753926,31.00450475
110.6753926,31.00360385
110.6753926,31.00270295
110.6753926,31.00180205
110.6753926,31.00090115
110.6753926,31.00000025
110.6753926,30.99909935
110.6753926,30.99819845
110.6753926,30.99729755
110.6753926,30.99639665
110.6753926,30.91801835
110.6806282,31.07207225
110.6806282,31.07117135
110.6806282,31.06756775
110.6806282,31.06666685
110.6806282,31.06576595
110.6806282,31.06486505
110.6806282,31.06396415
110.6806282,31.06306325
110.6806282,31.06216235
110.6806282,31.06126145
110.6806282,31.06036055
110.6806282,31.05945965
110.6806282,31.05855875
110.6806282,31.05765785
110.6806282,31.05675695
110.6806282,31.05585605
110.6806282,31.05495515
110.6806282,31.05405425
110.6806282,31.05315335
110.6806282,31.05225245
110.6806282,31.05135155
110.6806282,31.05045065
110.6806282,31.04954975
110.6806282,31.04864885
110.6806282,31.04774795
110.6806282,31.04684705
110.6806282,31.04594615
110.6806282,31.04504525
110.6806282,31.04414435
110.6806282,31.04324345
110.6806282,31.04234255
110.6806282,31.04144165
110.6806282,31.04054075
110.6806282,31.03963985
110.6806282,31.03873895
110.6806282,31.03783805
110.6806282,31.03693715
110.6806282,31.00810835
110.6806282,31.00720745
110.6806282,31.00630655
110.6806282,31.00540565
110.6806282,31.00450475
110.6806282,31.00360385
110.6806282,31.00270295
110.6806282,31.00180205
110.6806282,31.00090115
110.6806282,31.00000025
110.6806282,30.99909935
110.6806282,30.99819845
110.6806282,30.99729755
110.6806282,30.99639665
110.6806282,30.99549575
110.6806282,30.99459485
110.6806282,30.99369395
110.6806282,30.99279305
110.6806282,30.91711745
110.6806282,30.91621655
110.6858638,31.07117135
110.6858638,31.07027045
110.6858638,31.06936955
110.6858638,31.06846865
110.6858638,31.06756775
110.6858638,31.06666685
110.6858638,31.05135155
110.6858638,31.05045065
110.6858638,31.04954975
110.6858638,31.04864885
110.6858638,31.04144165
110.6858638,31.04054075
110.6858638,31.03963985
110.6858638,31.03873895
110.6858638,31.03783805
110.6858638,31.03693715
110.6858638,31.03603625
110.6858638,31.03513535
110.6858638,31.03423445
110.6858638,31.03333355
110.6858638,31.03243265
110.6858638,31.03153175
110.6858638,31.03063085
110.6858638,31.02972995
110.6858638,31.02882905
110.6858638,31.02792815
110.6858638,31.02702725
110.6858638,31.02612635
110.6858638,31.02522545
110.6858638,31.02432455
110.6858638,31.01351375
110.6858638,31.01261285
110.6858638,31.01171195
110.6858638,31.01081105
110.6858638,31.00991015
110.6858638,31.00900925
110.6858638,31.00810835
110.6858638,31.00720745
110.6858638,31.00630655
110.6858638,31.00540565
110.6858638,31.00450475
110.6858638,31.00360385
110.6858638,31.00270295
110.6858638,31.00180205
110.6858638,31.00090115
110.6858638,31.00000025
110.6858638,30.99909935
110.6858638,30.99819845
110.6858638,30.99729755
110.6858638,30.99639665
110.6858638,30.99549575
110.6858638,30.99459485
110.6858638,30.99369395
110.6858638,30.99279305
110.6858638,30.99189215
110.6858638,30.99099125
110.6858638,30.99009035
110.6858638,30.98918945
110.6858638,30.98828855
110.6858638,30.98738765
110.6858638,30.92162195
110.6858638,30.91982015
110.6858638,30.91891925
110.6858638,30.91801835
110.6858638,30.91711745
110.6910994,31.02702725
110.6910994,31.02612635
110.6910994,31.02522545
110.6910994,31.02432455
110.6910994,31.02342365
110.6910994,31.02252275
110.6910994,31.02162185
110.6910994,31.02072095
110.6910994,31.01982005
110.6910994,31.01891915
110.6910994,31.01801825
110.6910994,31.01711735
110.6910994,31.01621645
110.6910994,31.01531555
110.6910994,31.01441465
110.6910994,31.01351375
110.6910994,31.01261285
110.6910994,31.01171195
110.6910994,31.01081105
110.6910994,30.99819845
110.6910994,30.99729755
110.6910994,30.99639665
110.6910994,30.99549575
110.6910994,30.99459485
110.6910994,30.99369395
110.6910994,30.99279305
110.6910994,30.99189215
110.6910994,30.99099125
110.6910994,30.99009035
110.6910994,30.98918945
110.6910994,30.98828855
110.6910994,30.98738765
110.6910994,30.98648675
110.6910994,30.98558585
110.6910994,30.98468495
110.6910994,30.98378405
110.6910994,30.98288315
110.6910994,30.98198225
110.6910994,30.95585615
110.6910994,30.92342375
110.6910994,30.92252285
110.6910994,30.92162195
110.6910994,30.92072105
110.6910994,30.91982015
110.6910994,30.91891925
110.696335,31.01982005
110.696335,31.01891915
110.696335,30.99189215
110.696335,30.99099125
110.696335,30.99009035
110.696335,30.98918945
110.696335,30.98828855
110.696335,30.98738765
110.696335,30.98648675
110.696335,30.98558585
110.696335,30.98468495
110.696335,30.98378405
110.696335,30.98288315
110.696335,30.98198225
110.696335,30.98108135
110.696335,30.98018045
110.696335,30.97927955
110.696335,30.97837865
110.696335,30.96486515
110.696335,30.96396425
110.696335,30.96306335
110.696335,30.96216245
110.696335,30.96126155
110.696335,30.96036065
110.696335,30.95945975
110.696335,30.95855885
110.696335,30.92522555
110.696335,30.92432465
110.696335,30.92342375
110.696335,30.92252285
110.696335,30.92162195
110.7015706,30.98648675
110.7015706,30.98558585
110.7015706,30.98468495
110.7015706,30.98378405
110.7015706,30.98288315
110.7015706,30.98198225
110.7015706,30.98108135
110.7015706,30.98018045
110.7015706,30.97927955
110.7015706,30.97837865
110.7015706,30.97747775
110.7015706,30.97657685
110.7015706,30.97567595
110.7015706,30.97477505
110.7015706,30.97387415
110.7015706,30.97297325
110.7015706,30.97207235
110.7015706,30.97117145
110.7015706,30.97027055
110.7015706,30.96936965
110.7015706,30.96846875
110.7015706,30.96756785
110.7015706,30.96666695
110.7015706,30.92612645
110.7015706,30.92522555
110.7015706,30.92432465
110.7015706,30.92342375
110.7015706,30.92252285
110.7015706,30.92162195
110.7015706,30.92072105
110.7068062,30.98378405
110.7068062,30.98288315
110.7068062,30.98198225
110.7068062,30.98108135
110.7068062,30.98018045
110.7068062,30.97927955
110.7068062,30.97837865
110.7068062,30.97747775
110.7068062,30.97657685
110.7068062,30.97567595
110.7068062,30.97477505
110.7068062,30.97387415
110.7068062,30.97297325
110.7068062,30.97207235
110.7068062,30.97117145
110.7068062,30.97027055
110.7068062,30.96936965
110.7068062,30.96846875
110.7068062,30.92792825
110.7068062,30.92702735
110.7068062,30.92612645
110.7068062,30.92522555
110.7068062,30.92432465
110.7068062,30.92342375
110.7068062,30.92252285
110.7068062,30.92162195
110.7120418,30.98108135
110.7120418,30.98018045
110.7120418,30.97927955
110.7120418,30.97837865
110.7120418,30.97747775
110.7120418,30.97657685
110.7120418,30.97567595
110.7120418,30.97477505
110.7120418,30.97387415
110.7120418,30.97297325
110.7120418,30.97207235
110.7120418,30.97117145
110.7120418,30.97027055
110.7120418,30.96936965
110.7120418,30.96846875
110.7120418,30.96756785
110.7120418,30.96666695
110.7120418,30.96576605
110.7120418,30.96486515
110.7120418,30.96396425
110.7120418,30.92882915
110.7120418,30.92792825
110.7120418,30.92702735
110.7120418,30.92612645
110.7120418,30.92522555
110.7120418,30.92432465
110.7120418,30.92342375
110.7120418,30.92252285
110.7120418,30.92162195
110.7120418,30.92072105
110.7120418,30.91982015
110.7172774,30.97387415
110.7172774,30.97297325
110.7172774,30.97207235
110.7172774,30.97117145
110.7172774,30.97027055
110.7172774,30.96936965
110.7172774,30.96846875
110.7172774,30.96756785
110.7172774,30.96666695
110.7172774,30.96576605
110.7172774,30.96486515
110.7172774,30.96396425
110.7172774,30.96306335
110.7172774,30.96216245
110.7172774,30.93693725
110.7172774,30.92973005
110.7172774,30.92882915
110.7172774,30.92792825
110.7172774,30.92702735
110.7172774,30.92612645
110.7172774,30.92522555
110.7172774,30.92432465
110.7172774,30.92342375
110.7172774,30.92252285
110.7172774,30.92162195
110.7172774,30.92072105
110.7172774,30.91982015
110.722513,30.97027055
110.722513,30.96936965
110.722513,30.96846875
110.722513,30.96756785
110.722513,30.96666695
110.722513,30.96576605
110.722513,30.96486515
110.722513,30.96396425
110.722513,30.96306335
110.722513,30.96216245
110.722513,30.96126155
110.722513,30.96036065
110.722513,30.95945975
110.722513,30.93873905
110.722513,30.93783815
110.722513,30.93693725
110.722513,30.93603635
110.722513,30.93513545
110.722513,30.93423455
110.722513,30.93333365
110.722513,30.93153185
110.722513,30.93063095
110.722513,30.92973005
110.722513,30.92882915
110.722513,30.92792825
110.722513,30.92702735
110.722513,30.92612645
110.722513,30.92522555
110.722513,30.92432465
110.722513,30.92342375
110.722513,30.92252285
110.722513,30.92162195
110.722513,30.92072105
110.7277486,30.96846875
110.7277486,30.96756785
110.7277486,30.96666695
110.7277486,30.96576605
110.7277486,30.96486515
110.7277486,30.96396425
110.7277486,30.96306335
110.7277486,30.96216245
110.7277486,30.96126155
110.7277486,30.96036065
110.7277486,30.95945975
110.7277486,30.95855885
110.7277486,30.95765795
110.7277486,30.94954985
110.7277486,30.94864895
110.7277486,30.94774805
110.7277486,30.94684715
110.7277486,30.94594625
110.7277486,30.94504535
110.7277486,30.94054085
110.7277486,30.93963995
110.7277486,30.93873905
110.7277486,30.93783815
110.7277486,30.93693725
110.7277486,30.93603635
110.7277486,30.93513545
110.7277486,30.93423455
110.7277486,30.93333365
110.7277486,30.93243275
110.7277486,30.93153185
110.7277486,30.93063095
110.7277486,30.92973005
110.7277486,30.92882915
110.7277486,30.92792825
110.7277486,30.92702735
110.7277486,30.92612645
110.7277486,30.92522555
110.7277486,30.92432465
110.7277486,30.92342375
110.7277486,30.92252285
110.7277486,30.92162195
110.7277486,30.92072105
110.7277486,30.91982015
110.7277486,30.91891925
110.7329842,31.24954955
110.7329842,31.24864865
110.7329842,31.24774775
110.7329842,30.96936965
110.7329842,30.96846875
110.7329842,30.96756785
110.7329842,30.96666695
110.7329842,30.96576605
110.7329842,30.96486515
110.7329842,30.96396425
110.7329842,30.96306335
110.7329842,30.96216245
110.7329842,30.96126155
110.7329842,30.96036065
110.7329842,30.95945975
110.7329842,30.95855885
110.7329842,30.95405435
110.7329842,30.95315345
110.7329842,30.95225255
110.7329842,30.95135165
110.7329842,30.95045075
110.7329842,30.94954985
110.7329842,30.94864895
110.7329842,30.94774805
110.7329842,30.94684715
110.7329842,30.94594625
110.7329842,30.94504535
110.7329842,30.94414445
110.7329842,30.94324355
110.7329842,30.94234265
110.7329842,30.94144175
110.7329842,30.94054085
110.7329842,30.93963995
110.7329842,30.93873905
110.7329842,30.93783815
110.7329842,30.93693725
110.7329842,30.93603635
110.7329842,30.93513545
110.7329842,30.92612645
110.7329842,30.92522555
110.7329842,30.92432465
110.7329842,30.92342375
110.7329842,30.92252285
110.7329842,30.92162195
110.7329842,30.92072105
110.7382198,31.24504505
110.7382198,31.24414415
110.7382198,31.24324325
110.7382198,30.96936965
110.7382198,30.96846875
110.7382198,30.96756785
110.7382198,30.96666695
110.7382198,30.96576605
110.7382198,30.96486515
110.7382198,30.96396425
110.7382198,30.96306335
110.7382198,30.96216245
110.7382198,30.96126155
110.7382198,30.96036065
110.7382198,30.95945975
110.7382198,30.95855885
110.7382198,30.95765795
110.7382198,30.95675705
110.7382198,30.95585615
110.7382198,30.95495525
110.7382198,30.95405435
110.7382198,30.95315345
110.7382198,30.95225255
110.7382198,30.95135165
110.7382198,30.95045075
110.7382198,30.94954985
110.7382198,30.92252285
110.7382198,30.92162195
110.7382198,30.92072105
110.7382198,30.91982015
110.7382198,30.91891925
110.7382198,30.91801835
110.7434554,31.24144145
110.7434554,31.24054055
110.7434554,31.23963965
110.7434554,31.23873875
110.7434554,31.17747755
110.7434554,31.17657665
110.7434554,30.96756785
110.7434554,30.96666695
110.7434554,30.96576605
110.7434554,30.96486515
110.7434554,30.96396425
110.7434554,30.96306335
110.7434554,30.96216245
110.7434554,30.96126155
110.7434554,30.96036065
110.7434554,30.95945975
110.7434554,30.95855885
110.7434554,30.91711745
110.7434554,30.91621655
110.7434554,30.91531565
110.7434554,30.91441475
110.748691,31.23513515
110.748691,31.23423425
110.748691,31.23333335
110.748691,31.23243245
110.748691,31.23153155
110.748691,31.19549555
110.748691,31.17567575
110.748691,31.17477485
110.748691,31.17387395
110.748691,31.17297305
110.748691,31.05765785
110.748691,31.05675695
110.748691,31.05585605
110.748691,31.05495515
110.748691,31.05405425
110.748691,31.05315335
110.748691,31.05225245
110.748691,31.05135155
110.748691,31.05045065
110.748691,31.04954975
110.748691,31.04864885
110.748691,31.04774795
110.748691,31.04684705
110.748691,31.04594615
110.748691,31.04504525
110.748691,31.04414435
110.748691,31.02252275
110.748691,31.02162185
110.748691,31.02072095
110.748691,31.01982005
110.748691,31.01891915
110.748691,31.01801825
110.748691,31.01711735
110.748691,31.01081105
110.748691,30.96486515
110.748691,30.96396425
110.748691,30.96306335
110.748691,30.96216245
110.748691,30.96126155
110.748691,30.96036065
110.748691,30.95945975
110.748691,30.95855885
110.748691,30.95765795
110.748691,30.95675705
110.748691,30.91531565
110.748691,30.91441475
110.7539266,31.23063065
110.7539266,31.22972975
110.7539266,31.22882885
110.7539266,31.22792795
110.7539266,31.22252255
110.7539266,31.22162165
110.7539266,31.22072075
110.7539266,31.21981985
110.7539266,31.21891895
110.7539266,31.21801805
110.7539266,31.21711715
110.7539266,31.21621625
110.7539266,31.21531535
110.7539266,31.21441445
110.7539266,31.21351355
110.7539266,31.21261265
110.7539266,31.21171175
110.7539266,31.21081085
110.7539266,31.20990995
110.7539266,31.20900905
110.7539266,31.20810815
110.7539266,31.20720725
110.7539266,31.20630635
110.7539266,31.20540545
110.7539266,31.20450455
110.7539266,31.20360365
110.7539266,31.20270275
110.7539266,31.20180185
110.7539266,31.20090095
110.7539266,31.20000005
110.7539266,31.19909915
110.7539266,31.19819825
110.7539266,31.19549555
110.7539266,31.19459465
110.7539266,31.19369375
110.7539266,31.19279285
110.7539266,31.19189195
110.7539266,31.19099105
110.7539266,31.19009015
110.7539266,31.18918925
110.7539266,31.18828835
110.7539266,31.18738745
110.7539266,31.18648655
110.7539266,31.18558565
110.7539266,31.18468475
110.7539266,31.18378385
110.7539266,31.18288295
110.7539266,31.18198205
110.7539266,31.18108115
110.7539266,31.18018025
110.7539266,31.17927935
110.7539266,31.17837845
110.7539266,31.17747755
110.7539266,31.17567575
110.7539266,31.17477485
110.7539266,31.17387395
110.7539266,31.06486505
110.7539266,31.06396415
110.7539266,31.06306325
110.7539266,31.06216235
110.7539266,31.06126145
110.7539266,31.06036055
110.7539266,31.05945965
110.7539266,31.05855875
110.7539266,31.04324345
110.7539266,31.04234255
110.7539266,31.04144165
110.7539266,31.04054075
110.7539266,31.03963985
110.7539266,31.03873895
110.7539266,31.03783805
110.7539266,31.03693715
110.7539266,31.03603625
110.7539266,31.03513535
110.7539266,31.03423445
110.7539266,31.03333355
110.7539266,31.03243265
110.7539266,31.03153175
110.7539266,31.03063085
110.7539266,31.02972995
110.7539266,31.02882905
110.7539266,31.02792815
110.7539266,31.02702725
110.7539266,31.02612635
110.7539266,31.02522545
110.7539266,31.02432455
110.7539266,31.02342365
110.7539266,31.02252275
110.7539266,31.02162185
110.7539266,31.02072095
110.7539266,31.01982005
110.7539266,31.01891915
110.7539266,31.01801825
110.7539266,31.01711735
110.7539266,31.01621645
110.7539266,31.01531555
110.7539266,31.01441465
110.7539266,31.01351375
110.7539266,31.01261285
110.7539266,31.01171195
110.7539266,31.01081105
110.7539266,31.00991015
110.7539266,31.00900925
110.7539266,31.00810835
110.7539266,30.96576605
110.7539266,30.96486515
110.7539266,30.96396425
110.7539266,30.96306335
110.7539266,30.96216245
110.7539266,30.96126155
110.7539266,30.96036065
110.7539266,30.95945975
110.7539266,30.95855885
110.7591622,31.22882885
110.7591622,31.22792795
110.7591622,31.22702705
110.7591622,31.22612615
110.7591622,31.22522525
110.7591622,31.17387395
110.7591622,31.17297305
110.7591622,31.17207215
110.7591622,31.17117125
110.7591622,31.07117135
110.7591622,31.07027045
110.7591622,31.06936955
110.7591622,31.06846865
110.7591622,31.06756775
110.7591622,31.06666685
110.7591622,31.02792815
110.7591622,31.02702725
110.7591622,31.02612635
110.7591622,31.02522545
110.7591622,31.02432455
110.7591622,31.01081105
110.7591622,31.00991015
110.7591622,31.00900925
110.7591622,31.00810835
110.7591622,31.00720745
110.7591622,31.00630655
110.7591622,31.00540565
110.7591622,31.00450475
110.7591622,31.00360385
110.7591622,31.00270295
110.7591622,31.00180205
110.7591622,31.00090115
110.7591622,31.00000025
110.7591622,30.99909935
110.7591622,30.99819845
110.7591622,30.99729755
110.7591622,30.99639665
110.7591622,30.99549575
110.7591622,30.99459485
110.7591622,30.99369395
110.7591622,30.99279305
110.7591622,30.99189215
110.7591622,30.99099125
110.7591622,30.99009035
110.7591622,30.98918945
110.7591622,30.98828855
110.7591622,30.98738765
110.7591622,30.97567595
110.7591622,30.97477505
110.7591622,30.97387415
110.7591622,30.97207235
110.7591622,30.97117145
110.7591622,30.97027055
110.7591622,30.96936965
110.7591622,30.96846875
110.7591622,30.96756785
110.7591622,30.96666695
110.7591622,30.96576605
110.7591622,30.96486515
110.7591622,30.96396425
110.7591622,30.96306335
110.7591622,30.96216245
110.7591622,30.96126155
110.7591622,30.96036065
110.7591622,30.95945975
110.7591622,30.95855885
110.7591622,30.95765795
110.7643978,31.23063065
110.7643978,31.17027035
110.7643978,31.16936945
110.7643978,31.15225235
110.7643978,31.08108125
110.7643978,31.08018035
110.7643978,31.07927945
110.7643978,31.07837855
110.7643978,31.07747765
110.7643978,31.07657675
110.7643978,31.07567585
110.7643978,31.07477495
110.7643978,31.07387405
110.7643978,31.00720745
110.7643978,31.00630655
110.7643978,31.00540565
110.7643978,31.00450475
110.7643978,31.00360385
110.7643978,31.00270295
110.7643978,31.00180205
110.7643978,31.00090115
110.7643978,31.00000025
110.7643978,30.99909935
110.7643978,30.99819845
110.7643978,30.99729755
110.7643978,30.99639665
110.7643978,30.99549575
110.7643978,30.99459485
110.7643978,30.99369395
110.7643978,30.99279305
110.7643978,30.99189215
110.7643978,30.99099125
110.7643978,30.99009035
110.7643978,30.98918945
110.7643978,30.98828855
110.7643978,30.98738765
110.7643978,30.98648675
110.7643978,30.98558585
110.7643978,30.98468495
110.7643978,30.98378405
110.7643978,30.98288315
110.7643978,30.98198225
110.7643978,30.98108135
110.7643978,30.98018045
110.7643978,30.97927955
110.7643978,30.97837865
110.7643978,30.97747775
110.7643978,30.97657685
110.7643978,30.97567595
110.7643978,30.97477505
110.7643978,30.97387415
110.7643978,30.97297325
110.7643978,30.97207235
110.7643978,30.97117145
110.7643978,30.97027055
110.7643978,30.96936965
110.7643978,30.96846875
110.7643978,30.96756785
110.7643978,30.96666695
110.7643978,30.96576605
110.7643978,30.95765795
110.7643978,30.95675705
110.7643978,30.95585615
110.7643978,30.95495525
110.7643978,30.95405435
110.7696334,31.17027035
110.7696334,31.16936945
110.7696334,31.16846855
110.7696334,31.16756765
110.7696334,31.16666675
110.7696334,31.16576585
110.7696334,31.16486495
110.7696334,31.16396405
110.7696334,31.16306315
110.7696334,31.16216225
110.7696334,31.16126135
110.7696334,31.16036045
110.7696334,31.15945955
110.7696334,31.15855865
110.7696334,31.15765775
110.7696334,31.15675685
110.7696334,31.15585595
110.7696334,31.15495505
110.7696334,31.15405415
110.7696334,31.15225235
110.7696334,31.15135145
110.7696334,31.15045055
110.7696334,31.14954965
110.7696334,31.08738755
110.7696334,31.08648665
110.7696334,31.08558575
110.7696334,31.08468485
110.7696334,31.08378395
110.7696334,31.08288305
110.7696334,30.95585615
110.7696334,30.95495525
110.7696334,30.95405435
110.7696334,30.95315345
110.7696334,30.95225255
110.7696334,30.95135165
110.774869,31.16666675
110.774869,31.16576585
110.774869,31.14864875
110.774869,31.14774785
110.774869,31.14684695
110.774869,31.14594605
110.774869,31.14504515
110.774869,31.11711725
110.774869,31.11621635
110.774869,31.11531545
110.774869,31.09819835
110.774869,31.09729745
110.774869,31.09639655
110.774869,31.09549565
110.774869,31.09459475
110.774869,31.09369385
110.774869,31.09279295
110.774869,31.09189205
110.774869,31.09099115
110.774869,30.95405435
110.774869,30.95315345
110.774869,30.95225255
110.774869,30.95135165
110.774869,30.95045075
110.774869,30.94954985
110.774869,30.94864895
110.7801046,31.14234245
110.7801046,31.14144155
110.7801046,31.14054065
110.7801046,31.13873885
110.7801046,31.13243255
110.7801046,31.13153165
110.7801046,31.13063075
110.7801046,31.12972985
110.7801046,31.12882895
110.7801046,31.12792805
110.7801046,31.12702715
110.7801046,31.11981995
110.7801046,31.11891905
110.7801046,31.11801815
110.7801046,31.11711725
110.7801046,31.11621635
110.7801046,31.11531545
110.7801046,31.11441455
110.7801046,31.11351365
110.7801046,31.11261275
110.7801046,31.11171185
110.7801046,31.11081095
110.7801046,31.10991005
110.7801046,31.10900915
110.7801046,31.10810825
110.7801046,31.10720735
110.7801046,31.10630645
110.7801046,31.10540555
110.7801046,31.10450465
110.7801046,31.10360375
110.7801046,31.10270285
110.7801046,31.10000015
110.7801046,31.09909925
110.7801046,30.95315345
110.7801046,30.95225255
110.7801046,30.95135165
110.7801046,30.95045075
110.7801046,30.94954985
110.7801046,30.94864895
110.7801046,30.94774805
110.7801046,30.94684715
110.7801046,30.94594625
110.7801046,30.94504535
110.7801046,30.94414445
110.7853402,31.12162175
110.7853402,31.12072085
110.7853402,31.09729745
110.7853402,30.95135165
110.7853402,30.95045075
110.7853402,30.94954985
110.7853402,30.94864895
110.7853402,30.94774805
110.7853402,30.94684715
110.7853402,30.94594625
110.7905758,31.09549565
110.7905758,31.09459475
110.7905758,30.94684715
110.7905758,30.94594625
110.7905758,30.94504535
110.7958114,31.12162175
110.7958114,31.12072085
110.7958114,31.11981995
110.7958114,30.94504535
110.7958114,30.94414445
110.7958114,30.94324355
110.7958114,30.94234265
110.7958114,30.94144175
110.7958114,30.94054085
110.7958114,30.93963995
110.7958114,30.93873905
110.801047,31.11981995
110.801047,31.11891905
110.801047,31.11801815
110.801047,31.11711725
110.801047,31.11621635
110.801047,30.94414445
110.801047,30.94324355
110.801047,30.94234265
110.801047,30.94144175
110.801047,30.94054085
110.801047,30.93963995
110.801047,30.93873905
110.801047,30.93783815
110.801047,30.93693725
110.801047,30.93603635
110.801047,30.93513545
110.801047,30.93423455
110.8062826,30.94054085
110.8062826,30.93963995
110.8062826,30.93873905
110.8062826,30.93783815
110.8062826,30.93693725
110.8062826,30.93603635
110.8062826,30.93513545
110.8062826,30.93423455
110.8062826,30.93333365
110.8062826,30.93243275
110.8062826,30.93153185
110.8062826,30.93063095
110.8115182,30.94144175
110.8115182,30.94054085
110.8115182,30.93963995
110.8115182,30.93873905
110.8115182,30.93783815
110.8115182,30.93693725
110.8115182,30.93603635
110.8115182,30.93513545
110.8115182,30.93423455
110.8115182,30.93333365
110.8115182,30.93243275
110.8115182,30.93153185
110.8115182,30.93063095
110.8115182,30.92702735
110.8115182,30.92612645
110.8115182,30.92522555
110.8167538,31.12612625
110.8167538,31.12522535
110.8167538,31.12432445
110.8167538,30.94054085
110.8167538,30.93963995
110.8167538,30.93873905
110.8167538,30.93783815
110.8167538,30.93693725
110.8167538,30.93603635
110.8167538,30.93513545
110.8167538,30.93423455
110.8167538,30.93333365
110.8167538,30.93243275
110.8167538,30.93153185
110.8167538,30.93063095
110.8167538,30.92973005
110.8167538,30.92882915
110.8167538,30.92792825
110.8167538,30.92702735
110.8167538,30.92342375
110.8167538,30.92252285
110.8167538,30.92162195
110.8167538,30.92072105
110.8167538,30.91982015
110.8219894,31.12522535
110.8219894,31.12432445
110.8219894,31.12342355
110.8219894,30.94054085
110.8219894,30.93963995
110.8219894,30.93873905
110.8219894,30.93783815
110.8219894,30.93693725
110.8219894,30.93603635
110.8219894,30.93513545
110.8219894,30.93153185
110.8219894,30.92792825
110.8219894,30.92702735
110.8219894,30.92612645
110.8219894,30.92522555
110.8219894,30.92432465
110.8219894,30.92342375
110.8219894,30.92252285
110.8219894,30.92162195
110.8219894,30.92072105
110.8219894,30.91982015
110.8219894,30.91891925
110.8219894,30.91801835
110.8219894,30.91711745
110.8219894,30.91621655
110.8219894,30.91531565
110.8219894,30.91441475
110.8219894,30.91351385
110.8219894,30.91261295
110.8219894,30.91171205
110.827225,31.13333345
110.827225,31.13243255
110.827225,31.13153165
110.827225,31.13063075
110.827225,31.12972985
110.827225,31.12882895
110.827225,31.12792805
110.827225,31.12702715
110.827225,30.93783815
110.827225,30.93693725
110.827225,30.91801835
110.827225,30.91711745
110.827225,30.91621655
110.827225,30.91531565
110.827225,30.91441475
110.827225,30.91351385
110.827225,30.91261295
110.827225,30.91171205
110.827225,30.91081115
110.827225,30.90991025
110.827225,30.90900935
110.827225,30.90810845
110.8324606,31.13513525
110.8324606,31.13423435
110.8324606,30.91171205
110.8324606,30.91081115
110.8324606,30.90900935
110.8324606,30.90810845
110.8324606,30.90720755
110.8324606,30.90630665
110.8324606,30.90540575
110.8324606,30.90450485
110.8324606,30.90360395
110.8324606,30.90270305
110.8324606,30.90180215
110.8324606,30.90090125
110.8324606,30.90000035
110.8324606,30.89909945
110.8324606,30.89819855
110.8324606,30.89729765
110.8324606,30.89639675
110.8324606,30.83693735
110.8324606,30.83603645
110.8324606,30.83513555
110.8324606,30.83423465
110.8324606,30.83333375
110.8324606,30.83243285
110.8324606,30.83153195
110.8376962,30.89729765
110.8376962,30.89639675
110.8376962,30.89549585
110.8376962,30.89459495
110.8376962,30.89369405
110.8376962,30.89279315
110.8376962,30.89189225
110.8376962,30.89099135
110.8376962,30.89009045
110.8376962,30.88918955
110.8376962,30.88468505
110.8376962,30.88378415
110.8376962,30.88018055
110.8376962,30.87927965
110.8376962,30.87837875
110.8376962,30.87747785
110.8376962,30.87657695
110.8376962,30.87567605
110.8376962,30.87387425
110.8376962,30.87297335
110.8376962,30.87207245
110.8376962,30.87117155
110.8376962,30.84324365
110.8376962,30.84234275
110.8376962,30.84144185
110.8376962,30.82162205
110.8429318,30.89009045
110.8429318,30.88918955
110.8429318,30.88828865
110.8429318,30.88648685
110.8429318,30.88558595
110.8429318,30.86486525
110.8429318,30.86396435
110.8429318,30.85315355
110.8481674,30.88918955
110.8481674,30.88828865
110.8481674,30.88738775
110.8481674,30.88648685
110.8481674,30.88558595
110.8481674,30.88468505
110.853403,30.88918955
110.853403,30.88828865
110.8586386,30.89009045
110.8586386,30.88918955
110.8586386,30.88828865
110.8586386,30.88738775
110.8586386,30.88648685
110.8638742,30.89099135
110.8638742,30.89009045
110.8638742,30.88918955
110.8638742,30.88828865
110.8638742,30.88738775
110.8638742,30.88648685
110.8638742,30.88558595
110.8638742,30.88468505
110.8691098,30.89279315
110.8691098,30.89189225
110.8691098,30.89099135
110.8743454,30.89459495
110.8743454,30.89369405
110.8743454,30.89279315
110.8743454,30.89189225
110.8743454,30.89099135
110.8743454,30.89009045
110.8743454,30.88918955
110.8743454,30.88828865
110.8743454,30.88738775
110.8743454,30.88648685
110.879581,30.89369405
110.879581,30.89279315
110.879581,30.89189225
110.879581,30.89099135
110.879581,30.89009045
110.879581,30.88918955
110.879581,30.88828865
110.879581,30.88648685
110.879581,30.88558595
110.8848166,30.89819855
110.8848166,30.89729765
110.8848166,30.89639675
110.8848166,30.89549585
110.8848166,30.89459495
110.8848166,30.89369405
110.8848166,30.89279315
110.8848166,30.89189225
110.8848166,30.89099135
110.8848166,30.89009045
110.8848166,30.88918955
110.8848166,30.88828865
110.8848166,30.88738775
110.8848166,30.88648685
110.8848166,30.88558595
110.8848166,30.88468505
110.8900522,30.89459495
110.8900522,30.89369405
110.8900522,30.89279315
110.8900522,30.89189225
110.8900522,30.89099135
110.8900522,30.89009045
110.8900522,30.88918955
110.8900522,30.88828865
110.8900522,30.88738775
110.8900522,30.88648685
110.8900522,30.88558595
110.8900522,30.88468505
110.8900522,30.88378415
110.8952878,30.89189225
110.8952878,30.89099135
110.8952878,30.89009045
110.8952878,30.88918955
110.8952878,30.88828865
110.8952878,30.88738775
110.8952878,30.88648685
110.8952878,30.88558595
110.8952878,30.88468505
110.9005234,30.89639675
110.9005234,30.89549585
110.9005234,30.89189225
110.9005234,30.89099135
110.9005234,30.89009045
110.9005234,30.88918955
110.9005234,30.88828865
110.9005234,30.88738775
110.9005234,30.88648685
110.9005234,30.88558595
110.9005234,30.87477515
110.905759,30.89099135
110.905759,30.89009045
110.905759,30.88918955
110.905759,30.88828865
110.905759,30.88738775
110.905759,30.88648685
110.905759,30.88558595
110.905759,30.88468505
110.905759,30.88378415
110.905759,30.88198235
110.905759,30.88108145
110.905759,30.88018055
110.905759,30.87927965
110.9109946,30.89009045
110.9109946,30.88918955
110.9109946,30.88828865
110.9109946,30.88738775
110.9109946,30.88648685
110.9109946,30.88558595
110.9109946,30.88468505
110.9109946,30.88378415
110.9109946,30.88288325
110.9109946,30.88198235
110.9162302,30.89459495
110.9162302,30.89369405
110.9162302,30.89279315
110.9162302,30.89189225
110.9162302,30.89099135
110.9162302,30.89009045
110.9162302,30.88918955
110.9162302,30.88828865
110.9162302,30.88738775
110.9162302,30.88648685
110.9162302,30.88558595
110.9162302,30.88468505
110.9162302,30.88378415
110.9162302,30.88288325
110.9162302,30.88198235
110.9162302,30.88108145
110.9162302,30.88018055
110.9162302,30.87927965
110.9162302,30.87837875
110.9162302,30.87747785
110.9162302,30.87657695
110.9162302,30.87567605
110.9162302,30.87477515
110.9162302,30.87387425
110.9162302,30.87297335
110.9162302,30.87207245
110.9162302,30.87117155
110.9162302,30.87027065
110.9162302,30.86936975
110.9162302,30.86846885
110.9162302,30.86756795
110.9162302,30.86576615
110.9162302,30.86396435
110.9214658,30.90360395
110.9214658,30.90270305
110.9214658,30.90180215
110.9214658,30.90090125
110.9214658,30.90000035
110.9214658,30.89909945
110.9214658,30.89819855
110.9214658,30.89729765
110.9214658,30.89639675
110.9214658,30.89549585
110.9214658,30.89459495
110.9214658,30.88828865
110.9214658,30.88738775
110.9214658,30.88648685
110.9214658,30.88558595
110.9214658,30.88468505
110.9214658,30.88378415
110.9214658,30.88288325
110.9214658,30.88198235
110.9214658,30.88108145
110.9214658,30.88018055
110.9214658,30.87927965
110.9214658,30.87837875
110.9214658,30.87747785
110.9267014,30.88378415
110.9267014,30.88288325
110.9267014,30.88198235
110.9267014,30.88108145
110.9267014,30.88018055
110.9267014,30.87927965
110.9267014,30.87837875
110.9267014,30.87747785
110.9267014,30.87657695
110.9267014,30.87567605
110.9267014,30.87477515
110.9267014,30.87387425
110.9267014,30.87297335
110.931937,30.91891925
110.931937,30.88198235
110.931937,30.88108145
110.931937,30.88018055
110.931937,30.87927965
110.931937,30.87837875
110.931937,30.87747785
110.931937,30.87657695
110.931937,30.87567605
110.931937,30.87477515
110.931937,30.87387425
110.931937,30.87297335
110.931937,30.87207245
110.931937,30.87117155
110.931937,30.87027065
110.931937,30.86936975
110.931937,30.86846885
110.931937,30.86756795
110.931937,30.86666705
110.931937,30.86576615
110.931937,30.86486525
110.931937,30.86396435
110.931937,30.86306345
110.9371726,30.90991025
110.9371726,30.90900935
110.9371726,30.90810845
110.9371726,30.90720755
110.9371726,30.90180215
110.9371726,30.90090125
110.9371726,30.87927965
110.9371726,30.87837875
110.9371726,30.87747785
110.9371726,30.87657695
110.9371726,30.87567605
110.9371726,30.87477515
110.9371726,30.87387425
110.9371726,30.87297335
110.9371726,30.87207245
110.9371726,30.87117155
110.9371726,30.87027065
110.9371726,30.86936975
110.9371726,30.86846885
110.9371726,30.86756795
110.9371726,30.86666705
110.9371726,30.86576615
110.9424082,30.90000035
110.9424082,30.89909945
110.9424082,30.89819855
110.9424082,30.89729765
110.9424082,30.89639675
110.9424082,30.89549585
110.9424082,30.89459495
110.9424082,30.87747785
110.9424082,30.87657695
110.9424082,30.87567605
110.9424082,30.87477515
110.9424082,30.87387425
110.9424082,30.87297335
110.9424082,30.87207245
110.9424082,30.87117155
110.9424082,30.87027065
110.9424082,30.86936975
110.9424082,30.86846885
110.9424082,30.86756795
110.9424082,30.86666705
110.9424082,30.86576615
110.9424082,30.86486525
110.9424082,30.86396435
110.9424082,30.86216255
110.9424082,30.86126165
110.9476438,30.89459495
110.9476438,30.89369405
110.9476438,30.89279315
110.9476438,30.89189225
110.9476438,30.87747785
110.9476438,30.87657695
110.9476438,30.87567605
110.9476438,30.87477515
110.9476438,30.87387425
110.9476438,30.87297335
110.9476438,30.87207245
110.9476438,30.87117155
110.9476438,30.87027065
110.9476438,30.86936975
110.9476438,30.86846885
110.9476438,30.86756795
110.9476438,30.86666705
110.9476438,30.86576615
110.9476438,30.86486525
110.9476438,30.86396435
110.9476438,30.86306345
110.9476438,30.86216255
110.9476438,30.86126165
110.9476438,30.86036075
110.9476438,30.85945985
110.9476438,30.85855895
110.9476438,30.85765805
110.9476438,30.85675715
110.9476438,30.85585625
110.9476438,30.85495535
110.9476438,30.85405445
110.9528794,30.89639675
110.9528794,30.89549585
110.9528794,30.89459495
110.9528794,30.89369405
110.9528794,30.89279315
110.9528794,30.89189225
110.9528794,30.89099135
110.9528794,30.89009045
110.9528794,30.88918955
110.9528794,30.88828865
110.9528794,30.88738775
110.9528794,30.88648685
110.9528794,30.88558595
110.9528794,30.88468505
110.9528794,30.88378415
110.9528794,30.88288325
110.9528794,30.88198235
110.9528794,30.88108145
110.9528794,30.88018055
110.9528794,30.87927965
110.9528794,30.87837875
110.9528794,30.87747785
110.9528794,30.87657695
110.9528794,30.87567605
110.9528794,30.87477515
110.9528794,30.87387425
110.9528794,30.87297335
110.9528794,30.87207245
110.9528794,30.87117155
110.9528794,30.87027065
110.9528794,30.86936975
110.9528794,30.86846885
110.9528794,30.86756795
110.9528794,30.86666705
110.9528794,30.86576615
110.9528794,30.86486525
110.958115,30.88198235
110.958115,30.88108145
110.958115,30.88018055
110.958115,30.87927965
110.958115,30.87837875
110.958115,30.87747785
110.958115,30.87657695
110.958115,30.87567605
110.958115,30.87477515
110.958115,30.87387425
110.958115,30.87297335
110.958115,30.87207245
110.958115,30.87117155
110.958115,30.87027065
110.958115,30.86936975
110.958115,30.86846885
110.958115,30.86756795
110.958115,30.86666705
110.9633506,30.87657695
110.9633506,30.87567605
110.9633506,30.87477515
110.9633506,30.87387425
110.9633506,30.87297335
110.9633506,30.87207245
110.9633506,30.87117155
110.9633506,30.87027065
110.9633506,30.86936975
110.9633506,30.86846885
110.9633506,30.86756795
110.9633506,30.86666705
110.9633506,30.86576615
110.9633506,30.86486525
110.9633506,30.86396435
110.9633506,30.86306345
110.9633506,30.86216255
110.9633506,30.81982025
110.9633506,30.81891935
110.9633506,30.81801845
110.9633506,30.81711755
110.9685862,30.87837875
110.9685862,30.87747785
110.9685862,30.87567605
110.9685862,30.87477515
110.9685862,30.87387425
110.9685862,30.87297335
110.9685862,30.87207245
110.9685862,30.87117155
110.9685862,30.87027065
110.9685862,30.86936975
110.9685862,30.86846885
110.9685862,30.86756795
110.9685862,30.86666705
110.9685862,30.86576615
110.9685862,30.86486525
110.9685862,30.86396435
110.9685862,30.86306345
110.9685862,30.86216255
110.9685862,30.86126165
110.9685862,30.86036075
110.9685862,30.85945985
110.9685862,30.85855895
110.9685862,30.85765805
110.9685862,30.81891935
110.9685862,30.81801845
110.9685862,30.81711755
110.9685862,30.81621665
110.9685862,30.81531575
110.9685862,30.81441485
110.9685862,30.81351395
110.9685862,30.80540585
110.9685862,30.80360405
110.9685862,30.80270315
110.9685862,30.80180225
110.9685862,30.80090135
110.9685862,30.80000045
110.9738218,30.89009045
110.9738218,30.88918955
110.9738218,30.88828865
110.9738218,30.88738775
110.9738218,30.88648685
110.9738218,30.88558595
110.9738218,30.88468505
110.9738218,30.88378415
110.9738218,30.88288325
110.9738218,30.88198235
110.9738218,30.88108145
110.9738218,30.88018055
110.9738218,30.87927965
110.9738218,30.87837875
110.9738218,30.87747785
110.9738218,30.87657695
110.9738218,30.87567605
110.9738218,30.87477515
110.9738218,30.87387425
110.9738218,30.87297335
110.9738218,30.87207245
110.9738218,30.87117155
110.9738218,30.87027065
110.9738218,30.86936975
110.9738218,30.86846885
110.9738218,30.86756795
110.9738218,30.86666705
110.9738218,30.86576615
110.9738218,30.86486525
110.9738218,30.86396435
110.9738218,30.86306345
110.9738218,30.86216255
110.9738218,30.86126165
110.9738218,30.86036075
110.9738218,30.85945985
110.9738218,30.85855895
110.9738218,30.85765805
110.9738218,30.85675715
110.9738218,30.85585625
110.9738218,30.85495535
110.9738218,30.85405445
110.9738218,30.85315355
110.9738218,30.85225265
110.9738218,30.85135175
110.9738218,30.85045085
110.9738218,30.84144185
110.9738218,30.84054095
110.9738218,30.83964005
110.9738218,30.83873915
110.9738218,30.83783825
110.9738218,30.81801845
110.9738218,30.81711755
110.9738218,30.81621665
110.9738218,30.81531575
110.9738218,30.81441485
110.9738218,30.81351395
110.9738218,30.81261305
110.9738218,30.81171215
110.9738218,30.81081125
110.9738218,30.80991035
110.9738218,30.80900945
110.9738218,30.80810855
110.9738218,30.80720765
110.9738218,30.80630675
110.9738218,30.80540585
110.9738218,30.80450495
110.9738218,30.80360405
110.9738218,30.80270315
110.9738218,30.80180225
110.9738218,30.80090135
110.9738218,30.80000045
110.9790574,30.87387425
110.9790574,30.87297335
110.9790574,30.87207245
110.9790574,30.87117155
110.9790574,30.87027065
110.9790574,30.86936975
110.9790574,30.86846885
110.9790574,30.86756795
110.9790574,30.86666705
110.9790574,30.86576615
110.9790574,30.86486525
110.9790574,30.86396435
110.9790574,30.86306345
110.9790574,30.86216255
110.9790574,30.86126165
110.9790574,30.86036075
110.9790574,30.85945985
110.9790574,30.85855895
110.9790574,30.85765805
110.9790574,30.85675715
110.9790574,30.85585625
110.9790574,30.85495535
110.9790574,30.85405445
110.9790574,30.85315355
110.9790574,30.85225265
110.9790574,30.85135175
110.9790574,30.85045085
110.9790574,30.84954995
110.9790574,30.84864905
110.9790574,30.84774815
110.9790574,30.84684725
110.9790574,30.84594635
110.9790574,30.84504545
110.9790574,30.84414455
110.9790574,30.84324365
110.9790574,30.84234275
110.9790574,30.84144185
110.9790574,30.84054095
110.9790574,30.83964005
110.9790574,30.83873915
110.9790574,30.83783825
110.9790574,30.83693735
110.9790574,30.83603645
110.9790574,30.83513555
110.9790574,30.83423465
110.9790574,30.83333375
110.9790574,30.82342385
110.9790574,30.82252295
110.9790574,30.82162205
110.9790574,30.82072115
110.9790574,30.81982025
110.9790574,30.81891935
110.9790574,30.81801845
110.9790574,30.81711755
110.9790574,30.81621665
110.9790574,30.81531575
110.9790574,30.81441485
110.9790574,30.81351395
110.9790574,30.81261305
110.9790574,30.81171215
110.9790574,30.81081125
110.9790574,30.80991035
110.9790574,30.80900945
110.9790574,30.80810855
110.9790574,30.80720765
110.9790574,30.80630675
110.9790574,30.80540585
110.9790574,30.80450495
110.9790574,30.80360405
110.9790574,30.80270315
110.9790574,30.80180225
110.9790574,30.80090135
110.9790574,30.80000045
110.984293,30.87207245
110.984293,30.87117155
110.984293,30.87027065
110.984293,30.86936975
110.984293,30.86846885
110.984293,30.86756795
110.984293,30.86666705
110.984293,30.86576615
110.984293,30.86486525
110.984293,30.86396435
110.984293,30.86306345
110.984293,30.86216255
110.984293,30.86126165
110.984293,30.86036075
110.984293,30.85945985
110.984293,30.85855895
110.984293,30.85765805
110.984293,30.85675715
110.984293,30.85585625
110.984293,30.85495535
110.984293,30.85405445
110.984293,30.85315355
110.984293,30.85225265
110.984293,30.85135175
110.984293,30.85045085
110.984293,30.84954995
110.984293,30.84864905
110.984293,30.84774815
110.984293,30.84684725
110.984293,30.84594635
110.984293,30.84504545
110.984293,30.84414455
110.984293,30.84324365
110.984293,30.84234275
110.984293,30.84144185
110.984293,30.84054095
110.984293,30.83964005
110.984293,30.83873915
110.984293,30.83783825
110.984293,30.83693735
110.984293,30.83603645
110.984293,30.83513555
110.984293,30.83423465
110.984293,30.83333375
110.984293,30.83243285
110.984293,30.83153195
110.984293,30.82792835
110.984293,30.82702745
110.984293,30.82612655
110.984293,30.82522565
110.984293,30.82432475
110.984293,30.82342385
110.984293,30.82252295
110.984293,30.82162205
110.984293,30.82072115
110.984293,30.81982025
110.984293,30.81891935
110.984293,30.81801845
110.984293,30.81531575
110.984293,30.81171215
110.984293,30.81081125
110.984293,30.80991035
110.984293,30.80900945
110.984293,30.80810855
110.984293,30.80720765
110.984293,30.80630675
110.984293,30.80540585
110.984293,30.80450495
110.984293,30.80360405
110.984293,30.80270315
110.984293,30.80180225
110.984293,30.80090135
110.984293,30.80000045
110.9895286,30.87387425
110.9895286,30.87297335
110.9895286,30.86666705
110.9895286,30.86576615
110.9895286,30.86486525
110.9895286,30.86396435
110.9895286,30.86306345
110.9895286,30.86216255
110.9895286,30.86126165
110.9895286,30.86036075
110.9895286,30.85945985
110.9895286,30.85855895
110.9895286,30.85765805
110.9895286,30.85675715
110.9895286,30.85585625
110.9895286,30.85495535
110.9895286,30.85405445
110.9895286,30.85315355
110.9895286,30.85225265
110.9895286,30.85135175
110.9895286,30.85045085
110.9895286,30.84954995
110.9895286,30.84864905
110.9895286,30.84774815
110.9895286,30.84684725
110.9895286,30.84594635
110.9895286,30.84504545
110.9895286,30.84414455
110.9895286,30.84324365
110.9895286,30.84234275
110.9895286,30.84144185
110.9895286,30.84054095
110.9895286,30.83964005
110.9895286,30.83873915
110.9895286,30.83783825
110.9895286,30.83693735
110.9895286,30.83603645
110.9895286,30.83513555
110.9895286,30.83423465
110.9895286,30.83333375
110.9895286,30.83243285
110.9895286,30.83153195
110.9895286,30.83063105
110.9895286,30.82973015
110.9895286,30.82882925
110.9895286,30.82792835
110.9895286,30.82702745
110.9895286,30.82612655
110.9895286,30.82522565
110.9895286,30.82432475
110.9895286,30.82342385
110.9895286,30.82252295
110.9895286,30.82162205
110.9895286,30.82072115
110.9895286,30.81982025
110.9895286,30.81891935
110.9895286,30.81801845
110.9895286,30.81711755
110.9895286,30.81621665
110.9895286,30.81531575
110.9895286,30.81441485
110.9895286,30.80090135
110.9895286,30.80000045
110.9947642,30.87207245
110.9947642,30.87117155
110.9947642,30.87027065
110.9947642,30.86936975
110.9947642,30.86846885
110.9947642,30.86756795
110.9947642,30.86666705
110.9947642,30.86576615
110.9947642,30.86486525
110.9947642,30.86396435
110.9947642,30.86306345
110.9947642,30.86216255
110.9947642,30.86126165
110.9947642,30.86036075
110.9947642,30.85945985
110.9947642,30.85855895
110.9947642,30.85765805
110.9947642,30.85675715
110.9947642,30.85585625
110.9947642,30.85495535
110.9947642,30.85405445
110.9947642,30.85315355
110.9947642,30.85225265
110.9947642,30.85135175
110.9947642,30.85045085
110.9947642,30.84954995
110.9947642,30.84864905
110.9947642,30.84774815
110.9947642,30.84684725
110.9947642,30.84594635
110.9947642,30.84504545
110.9947642,30.84414455
110.9947642,30.84324365
110.9947642,30.84234275
110.9947642,30.84144185
110.9947642,30.84054095
110.9947642,30.83964005
110.9947642,30.83873915
110.9947642,30.83783825
110.9947642,30.83693735
110.9947642,30.83603645
110.9947642,30.83513555
110.9947642,30.83423465
110.9947642,30.83333375
110.9947642,30.83243285
110.9947642,30.83153195
110.9947642,30.83063105
110.9947642,30.82973015
110.9947642,30.82882925
110.9947642,30.82792835
110.9947642,30.82702745
110.9947642,30.82612655
110.9947642,30.82522565
110.9947642,30.82432475
110.9947642,30.82342385
110.9947642,30.82252295
110.9947642,30.82162205
110.9947642,30.82072115
110.9947642,30.81982025
110.9947642,30.81891935
110.9947642,30.81801845
110.9947642,30.81711755
110.9947642,30.81081125
110.9947642,30.80991035
110.9947642,30.80900945
110.9947642,30.80810855
110.9947642,30.80720765
110.9947642,30.80630675
110.9999998,30.87567605
110.9999998,30.87477515
110.9999998,30.87387425
110.9999998,30.87297335
110.9999998,30.87207245
110.9999998,30.87117155
110.9999998,30.87027065
110.9999998,30.86936975
110.9999998,30.86846885
110.9999998,30.86756795
110.9999998,30.86486525
110.9999998,30.86396435
110.9999998,30.86306345
110.9999998,30.86216255
110.9999998,30.86126165
110.9999998,30.85765805
110.9999998,30.85675715
110.9999998,30.85585625
110.9999998,30.85495535
110.9999998,30.85405445
110.9999998,30.85315355
110.9999998,30.85225265
110.9999998,30.85135175
110.9999998,30.85045085
110.9999998,30.84954995
110.9999998,30.84774815
110.9999998,30.84684725
110.9999998,30.84594635
110.9999998,30.84504545
110.9999998,30.84414455
110.9999998,30.84324365
110.9999998,30.84234275
110.9999998,30.84144185
110.9999998,30.84054095
110.9999998,30.83964005
110.9999998,30.83873915
110.9999998,30.83783825
110.9999998,30.83693735
110.9999998,30.83603645
110.9999998,30.83513555
110.9999998,30.83423465
110.9999998,30.83333375
110.9999998,30.83243285
110.9999998,30.83153195
110.9999998,30.83063105
110.9999998,30.82973015
110.9999998,30.82882925
110.9999998,30.82792835
110.9999998,30.82702745
110.9999998,30.82612655
110.9999998,30.82522565
110.9999998,30.82432475
110.9999998,30.82342385
110.9999998,30.82252295
110.9999998,30.82162205
110.9999998,30.81982025
110.9999998,30.81891935
110.9999998,30.81801845
110.9999998,30.81711755
110.9999998,30.81621665
110.9999998,30.81531575
110.9999998,30.81441485
110.9999998,30.81351395
110.9999998,30.81261305
110.9999998,30.81171215
110.9999998,30.81081125
110.9999998,30.80991035
110.9999998,30.80900945
110.9999998,30.80810855
110.0026178,31.02522545
110.0026178,31.02432455
110.0026178,31.02342365
110.0026178,31.02252275
110.0026178,31.02162185
110.0026178,31.02072095
110.0026178,31.01982005
110.0026178,31.01891915
110.0078534,31.02252275
110.0078534,31.02162185
110.0078534,31.02072095
110.0078534,31.01982005
110.0078534,31.01891915
110.0078534,31.01801825
110.0078534,31.01711735
110.013089,31.02252275
110.013089,31.02162185
110.013089,31.02072095
110.013089,31.01982005
110.013089,31.01891915
110.0183246,31.02252275
110.0183246,31.02162185
110.0183246,31.02072095
110.0183246,31.01982005
110.0183246,30.97387415
110.0235602,31.02342365
110.0235602,31.02252275
110.0235602,31.02162185
110.0235602,31.02072095
110.0235602,30.98198225
110.0235602,30.98108135
110.0235602,30.98018045
110.0235602,30.97927955
110.0235602,30.97837865
110.0287958,31.02342365
110.0287958,31.02252275
110.0287958,31.02162185
110.0287958,31.02072095
110.0287958,30.99279305
110.0340314,31.02432455
110.0340314,31.02342365
110.0340314,31.02252275
110.0340314,31.02162185
110.0340314,30.99459485
110.0340314,30.99369395
110.0340314,30.99279305
110.0340314,30.99189215
110.039267,31.02432455
110.039267,31.02342365
110.039267,31.02252275
110.039267,31.02162185
110.039267,31.00000025
110.039267,30.99909935
110.039267,30.99819845
110.039267,30.99639665
110.039267,30.99549575
110.039267,30.99459485
110.039267,30.99369395
110.039267,30.99279305
110.0445026,31.02432455
110.0445026,31.02342365
110.0445026,31.02252275
110.0445026,31.02162185
110.0497382,31.02432455
110.0497382,31.02342365
110.0497382,31.02252275
110.0549738,31.02522545
110.0549738,31.02432455
110.0549738,31.02342365
110.0602094,31.02522545
110.065445,31.02522545
110.065445,31.02432455
110.065445,31.02342365
110.0706806,31.02522545
110.0706806,31.02432455
110.0759162,31.02612635
110.0759162,31.02522545
110.0759162,31.02432455
110.0811518,31.02702725
110.0863874,31.02792815
110.0863874,31.02702725
110.0863874,31.02612635
110.0863874,31.02522545
110.091623,31.02972995
110.091623,31.02882905
110.091623,31.02792815
110.091623,31.02702725
110.091623,31.02612635
110.0968586,31.03243265
110.0968586,31.03153175
110.0968586,31.03063085
110.0968586,31.02972995
110.0968586,31.02882905
110.0968586,31.02792815
110.1020942,31.03333355
110.1020942,31.03243265
110.1020942,31.03063085
110.1020942,31.02972995
110.1073298,31.03423445
110.1073298,31.03333355
110.1073298,31.03243265
110.1073298,31.03153175
110.1125654,31.03513535
110.1125654,31.03423445
110.1125654,31.03333355
110.1125654,31.03243265
110.117801,31.04144165
110.117801,31.04054075
110.117801,31.03513535
110.117801,31.03423445
110.117801,31.03333355
110.1230366,31.05585605
110.1230366,31.03513535
110.1230366,31.03423445
110.1230366,31.03333355
110.1282722,31.06576595
110.1282722,31.06486505
110.1282722,31.03423445
110.1335078,31.03423445
110.1335078,31.03333355
110.1387434,31.03423445
110.1387434,31.03333355
110.1387434,31.03243265
110.143979,31.03333355
110.143979,31.03243265
110.1492146,31.03423445
110.1492146,31.03333355
110.1492146,31.03243265
110.1492146,31.03153175
110.1492146,31.03063085
110.1544502,31.03603625
110.1544502,31.03513535
110.1544502,31.03423445
110.1544502,31.03333355
110.1544502,31.03243265
110.1544502,31.01441465
110.1544502,31.01351375
110.1544502,31.01261285
110.1596858,31.03693715
110.1596858,31.03603625
110.1596858,31.03513535
110.1596858,31.03423445
110.1596858,31.03333355
110.1596858,31.02072095
110.1596858,31.01982005
110.1596858,31.01891915
110.1649214,31.03783805
110.1649214,31.03693715
110.1649214,31.03603625
110.1649214,31.03513535
110.1649214,31.03423445
110.1649214,31.03333355
110.1649214,31.03243265
110.1649214,31.03153175
110.1649214,31.03063085
110.1649214,31.02972995
110.1649214,31.02882905
110.1649214,31.02792815
110.1649214,31.02702725
110.1649214,31.02612635
110.1649214,31.02522545
110.1649214,31.02432455
110.1649214,31.02342365
110.170157,31.03873895
110.170157,31.03783805
110.170157,31.03693715
110.170157,31.03423445
110.170157,31.03333355
110.1753926,31.03693715
110.1753926,31.03603625
110.1753926,31.03513535
110.1753926,31.03423445
110.1753926,31.03333355
110.1806282,31.03693715
110.1806282,31.03603625
110.1806282,31.03513535
110.1806282,31.03423445
110.1806282,31.03333355
110.1806282,31.03243265
110.1806282,31.03153175
110.1806282,31.03063085
110.1858638,31.03333355
110.1858638,31.03243265
110.1858638,31.03153175
110.1858638,31.03063085
110.1858638,31.02972995
110.1858638,31.02882905
110.1910994,31.04054075
110.1910994,31.03963985
110.1910994,31.03873895
110.1910994,31.03783805
110.1910994,31.03423445
110.1910994,31.03333355
110.1910994,31.03243265
110.1910994,31.03153175
110.1910994,31.03063085
110.1910994,31.02972995
110.1910994,31.02882905
110.1910994,31.02792815
110.1910994,31.02702725
110.196335,31.03063085
110.196335,31.02972995
110.196335,31.02882905
110.196335,31.02792815
110.196335,31.02702725
110.196335,31.02612635
110.196335,31.02522545
110.2015706,31.02882905
110.2015706,31.02792815
110.2015706,31.02702725
110.2015706,31.02612635
110.2015706,31.02522545
110.2068062,31.02792815
110.2068062,31.02702725
110.2068062,31.02612635
110.2068062,31.02522545
110.2068062,31.02432455
110.2068062,31.02342365
110.2120418,31.02612635
110.2120418,31.02522545
110.2120418,31.02432455
110.2120418,31.02342365
110.2120418,31.02252275
110.2120418,31.02162185
110.2172774,31.02432455
110.2172774,31.02342365
110.2172774,31.02252275
110.2172774,31.02162185
110.2172774,31.02072095
110.2172774,31.01982005
110.222513,31.02252275
110.222513,31.02162185
110.222513,31.02072095
110.222513,31.01982005
110.222513,31.01891915
110.222513,31.01801825
110.2277486,31.02072095
110.2277486,31.01982005
110.2277486,31.01891915
110.2277486,31.01801825
110.2277486,31.01711735
110.2277486,31.01621645
110.2329842,31.01982005
110.2329842,31.01891915
110.2329842,31.01801825
110.2329842,31.01711735
110.2329842,31.01621645
110.2382198,31.01982005
110.2382198,31.01891915
110.2382198,31.01801825
110.2382198,31.01711735
110.2382198,31.01621645
110.2434554,31.01982005
110.2434554,31.01891915
110.2434554,31.01801825
110.2434554,31.01711735
110.2434554,31.01621645
110.2434554,31.01531555
110.248691,31.01801825
110.248691,31.01711735
110.248691,31.01621645
110.248691,31.01531555
110.2539266,31.01711735
110.2539266,31.01621645
110.2539266,31.01531555
110.2539266,31.01441465
110.2539266,31.01351375
110.2591622,31.01621645
110.2591622,31.01531555
110.2591622,31.01441465
110.2591622,31.01351375
110.2591622,31.01261285
110.2643978,31.01531555
110.2643978,31.01441465
110.2643978,31.01351375
110.2643978,31.01261285
110.2643978,31.01171195
110.2643978,31.01081105
110.2696334,31.01531555
110.2696334,31.01441465
110.2696334,31.01351375
110.2696334,31.01261285
110.2696334,31.01171195
110.2696334,31.01081105
110.2696334,31.00991015
110.274869,31.22612615
110.274869,31.01441465
110.274869,31.01351375
110.274869,31.01261285
110.274869,31.01171195
110.274869,31.01081105
110.274869,31.00991015
110.274869,31.00900925
110.2801046,31.22702705
110.2801046,31.01351375
110.2801046,31.01261285
110.2801046,31.01171195
110.2801046,31.01081105
110.2801046,31.00991015
110.2853402,31.22612615
110.2853402,31.01531555
110.2853402,31.01441465
110.2853402,31.01351375
110.2853402,31.01261285
110.2853402,31.01171195
110.2905758,31.22612615
110.2905758,31.22522525
110.2905758,31.22432435
110.2905758,31.22342345
110.2905758,31.02072095
110.2905758,31.01982005
110.2905758,31.01891915
110.2905758,31.01801825
110.2905758,31.01711735
110.2905758,31.01621645
110.2905758,31.01531555
110.2905758,31.01441465
110.2905758,31.01351375
110.2905758,31.01261285
110.2905758,31.01171195
110.2905758,31.01081105
110.2905758,31.00991015
110.2905758,31.00900925
110.2905758,31.00810835
110.2905758,31.00720745
110.2958114,31.22342345
110.2958114,31.22252255
110.2958114,31.22162165
110.2958114,31.18738745
110.2958114,31.18648655
110.2958114,31.18558565
110.2958114,31.18468475
110.2958114,31.03963985
110.2958114,31.02522545
110.2958114,31.02432455
110.2958114,31.02342365
110.2958114,31.02252275
110.2958114,31.02072095
110.2958114,31.01982005
110.2958114,31.01891915
110.2958114,31.00450475
110.2958114,31.00360385
110.2958114,31.00270295
110.301047,31.22252255
110.301047,31.22162165
110.301047,31.21441445
110.301047,31.21351355
110.301047,31.20000005
110.301047,31.19909915
110.301047,31.19819825
110.301047,31.19729735
110.301047,31.19639645
110.301047,31.19549555
110.301047,31.19459465
110.301047,31.19099105
110.301047,31.19009015
110.301047,31.17657665
110.301047,31.17567575
110.301047,31.17477485
110.301047,31.17387395
110.301047,31.17297305
110.301047,31.17207215
110.301047,31.03963985
110.301047,31.03873895
110.301047,31.03783805
110.301047,31.03693715
110.301047,31.03603625
110.301047,31.03243265
110.301047,31.02882905
110.301047,31.02792815
110.301047,31.02702725
110.301047,31.02612635
110.301047,31.02522545
110.301047,31.02432455
110.301047,31.02342365
110.301047,31.00000025
110.301047,30.99909935
110.3062826,31.18918925
110.3062826,31.18828835
110.3062826,31.17927935
110.3062826,31.17837845
110.3062826,31.17747755
110.3062826,31.17657665
110.3062826,31.17567575
110.3062826,31.17477485
110.3062826,31.17387395
110.3062826,31.09369385
110.3062826,31.09279295
110.3062826,31.03873895
110.3062826,31.03783805
110.3062826,31.03693715
110.3062826,31.03603625
110.3062826,31.03513535
110.3062826,31.03423445
110.3062826,31.03333355
110.3062826,31.03243265
110.3062826,31.03153175
110.3062826,31.03063085
110.3062826,30.99909935
110.3062826,30.99819845
110.3115182,31.18378385
110.3115182,31.18288295
110.3115182,31.18198205
110.3115182,31.18108115
110.3115182,31.18018025
110.3115182,31.17927935
110.3115182,31.17837845
110.3115182,31.17747755
110.3115182,31.17657665
110.3115182,31.17567575
110.3115182,31.17477485
110.3115182,31.17387395
110.3115182,31.17207215
110.3115182,31.17117125
110.3115182,31.17027035
110.3115182,31.16936945
110.3115182,31.16846855
110.3115182,31.16756765
110.3115182,31.14504515
110.3115182,31.14414425
110.3115182,31.13333345
110.3115182,31.12882895
110.3115182,31.12792805
110.3115182,31.10720735
110.3115182,31.10630645
110.3115182,31.10090105
110.3115182,31.10000015
110.3115182,31.09909925
110.3115182,31.09819835
110.3115182,31.09279295
110.3115182,31.09189205
110.3115182,31.09099115
110.3115182,31.04054075
110.3115182,31.03963985
110.3115182,31.03873895
110.3115182,31.03783805
110.3115182,31.03693715
110.3115182,31.03603625
110.3115182,31.03513535
110.3115182,31.03423445
110.3115182,31.03333355
110.3115182,30.99819845
110.3115182,30.99729755
110.3167538,31.16486495
110.3167538,31.16396405
110.3167538,31.14864875
110.3167538,31.14774785
110.3167538,31.14684695
110.3167538,31.14594605
110.3167538,31.11981995
110.3167538,31.11891905
110.3167538,31.11801815
110.3167538,31.11441455
110.3167538,31.11351365
110.3167538,31.09909925
110.3167538,31.09819835
110.3167538,31.09729745
110.3167538,31.09639655
110.3167538,31.09549565
110.3167538,31.09459475
110.3167538,31.09369385
110.3167538,31.09279295
110.3167538,31.09189205
110.3167538,31.09099115
110.3167538,31.09009025
110.3167538,31.08918935
110.3167538,31.08828845
110.3167538,31.08738755
110.3167538,31.08648665
110.3167538,31.08558575
110.3167538,31.08468485
110.3167538,31.08378395
110.3167538,31.08288305
110.3167538,31.08198215
110.3167538,31.04684705
110.3167538,31.04414435
110.3167538,31.04324345
110.3167538,31.04234255
110.3167538,31.04144165
110.3167538,31.03783805
110.3167538,31.03693715
110.3167538,31.03603625
110.3167538,31.03513535
110.3167538,31.03423445
110.3167538,31.03333355
110.3219894,31.16216225
110.3219894,31.16126135
110.3219894,31.16036045
110.3219894,31.15495505
110.3219894,31.15405415
110.3219894,31.15315325
110.3219894,31.15225235
110.3219894,31.15135145
110.3219894,31.15045055
110.3219894,31.14954965
110.3219894,31.14864875
110.3219894,31.14774785
110.3219894,31.09459475
110.3219894,31.09369385
110.3219894,31.09279295
110.3219894,31.07837855
110.3219894,31.07747765
110.3219894,31.07657675
110.3219894,31.06036055
110.3219894,31.05945965
110.3219894,31.05855875
110.3219894,31.05765785
110.3219894,31.05675695
110.3219894,31.05585605
110.3219894,31.05495515
110.3219894,31.05405425
110.3219894,31.05315335
110.3219894,31.05225245
110.3219894,31.05135155
110.3219894,31.05045065
110.3219894,31.04954975
110.3219894,31.04864885
110.3219894,31.04774795
110.3219894,31.04684705
110.3219894,31.04504525
110.3219894,31.04414435
110.3219894,31.04324345
110.3219894,31.04234255
110.3219894,31.04144165
110.3219894,31.04054075
110.3219894,31.03963985
110.3219894,31.03873895
110.327225,31.15855865
110.327225,31.15765775
110.327225,31.09369385
110.327225,31.09279295
110.327225,31.06486505
110.327225,31.05225245
110.327225,31.05135155
110.327225,31.05045065
110.327225,31.04954975
110.327225,31.04864885
110.327225,31.04774795
110.327225,31.04684705
110.327225,31.04594615
110.327225,31.04504525
110.327225,31.04414435
110.327225,31.04324345
110.3324606,31.15675685
110.3324606,31.09639655
110.3324606,31.09549565
110.3324606,31.05495515
110.3324606,31.05405425
110.3324606,31.05315335
110.3324606,31.05225245
110.3324606,31.05135155
110.3324606,31.05045065
110.3324606,31.04954975
110.3324606,31.04864885
110.3324606,31.04774795
110.3376962,31.15765775
110.3376962,31.15675685
110.3376962,31.09639655
110.3376962,31.05585605
110.3376962,31.05495515
110.3376962,31.05405425
110.3376962,31.05315335
110.3376962,31.05225245
110.3376962,31.05135155
110.3376962,31.05045065
110.3376962,31.04954975
110.3429318,31.05675695
110.3429318,31.05585605
110.3429318,31.05495515
110.3429318,31.05405425
110.3429318,31.05315335
110.3429318,31.05225245
110.3429318,31.05135155
110.3429318,31.05045065
110.3481674,31.05765785
110.3481674,31.05675695
110.3481674,31.05585605
110.3481674,31.05495515
110.3481674,31.05405425
110.3481674,31.05315335
110.3481674,31.05225245
110.3481674,31.05135155
110.353403,31.05765785
110.353403,31.05675695
110.353403,31.05585605
110.353403,31.05495515
110.353403,31.05405425
110.353403,31.05315335
110.353403,31.05225245
110.3586386,31.17297305
110.3586386,31.06036055
110.3586386,31.05945965
110.3586386,31.05855875
110.3586386,31.05765785
110.3586386,31.05675695
110.3586386,31.05585605
110.3586386,31.05495515
110.3586386,31.05405425
110.3586386,31.05315335
110.3586386,31.05225245
110.3638742,31.05765785
110.3638742,31.05675695
110.3638742,31.05585605
110.3638742,31.05495515
110.3638742,31.05405425
110.3638742,31.05315335
110.3638742,31.05225245
110.3691098,31.05585605
110.3691098,31.05495515
110.3691098,31.05405425
110.3691098,31.05315335
110.3691098,31.05225245
110.3691098,31.05135155
110.3691098,31.05045065
110.3743454,31.17297305
110.3743454,31.17207215
110.3743454,31.17117125
110.3743454,31.17027035
110.3743454,31.05585605
110.3743454,31.05495515
110.3743454,31.05405425
110.3743454,31.05315335
110.3743454,31.05225245
110.3743454,31.05135155
110.3743454,31.05045065
110.3743454,31.04954975
110.3743454,31.04864885
110.379581,31.17567575
110.379581,31.17477485
110.379581,31.17387395
110.379581,31.17297305
110.379581,31.17207215
110.379581,31.17117125
110.379581,31.17027035
110.379581,31.16936945
110.379581,31.05495515
110.379581,31.05405425
110.379581,31.05315335
110.379581,31.05225245
110.379581,31.05135155
110.379581,31.05045065
110.379581,31.04954975
110.379581,31.04864885
110.379581,31.04774795
110.3848166,31.17747755
110.3848166,31.17657665
110.3848166,31.17567575
110.3848166,31.17477485
110.3848166,31.17387395
110.3848166,31.17297305
110.3848166,31.05405425
110.3848166,31.05315335
110.3848166,31.05225245
110.3848166,31.05135155
110.3848166,31.05045065
110.3848166,31.04954975
110.3848166,31.04864885
110.3848166,31.04774795
110.3848166,31.04684705
110.3848166,31.04594615
110.3900522,31.17837845
110.3900522,31.17747755
110.3900522,31.17657665
110.3900522,31.17567575
110.3900522,31.05225245
110.3900522,31.05135155
110.3900522,31.05045065
110.3900522,31.04954975
110.3900522,31.04864885
110.3900522,31.04774795
110.3900522,31.04684705
110.3900522,31.04594615
110.3900522,31.04504525
110.3900522,31.04414435
110.3952878,31.18018025
110.3952878,31.17927935
110.3952878,31.17837845
110.3952878,31.17747755
110.3952878,31.06396415
110.3952878,31.06306325
110.3952878,31.06216235
110.3952878,31.06036055
110.3952878,31.05945965
110.3952878,31.05855875
110.3952878,31.05765785
110.3952878,31.05675695
110.3952878,31.05585605
110.3952878,31.05495515
110.3952878,31.05405425
110.3952878,31.05315335
110.3952878,31.05225245
110.3952878,31.05135155
110.3952878,31.05045065
110.3952878,31.04954975
110.3952878,31.04864885
110.3952878,31.04774795
110.3952878,31.04684705
110.3952878,31.04594615
110.3952878,31.04504525
110.3952878,31.04324345
110.3952878,31.04234255
110.3952878,31.04144165
110.4005234,31.07207225
110.4005234,31.07117135
110.4005234,31.07027045
110.4005234,31.06936955
110.4005234,31.06846865
110.4005234,31.06756775
110.4005234,31.06666685
110.4005234,31.06576595
110.4005234,31.06486505
110.4005234,31.06396415
110.4005234,31.06306325
110.4005234,31.04414435
110.4005234,31.04324345
110.4005234,31.04234255
110.4005234,31.04144165
110.4005234,31.04054075
110.4005234,31.03963985
110.4005234,31.03873895
110.4005234,31.03783805
110.4005234,31.03693715
110.4005234,31.03603625
110.405759,31.03873895
110.405759,31.03783805
110.405759,31.03693715
110.405759,31.03603625
110.405759,31.03513535
110.405759,31.03423445
110.405759,31.03333355
110.405759,31.03243265
110.405759,31.03153175
110.4109946,31.03513535
110.4109946,31.03423445
110.4109946,31.03333355
110.4109946,31.03243265
110.4109946,31.03153175
110.4109946,31.03063085
110.4109946,31.02972995
110.4162302,31.03333355
110.4162302,31.03243265
110.4162302,31.02882905
110.4214658,31.03243265
110.4214658,31.03153175
110.4214658,31.03063085
110.4214658,31.02972995
110.4214658,31.02882905
110.4267014,31.03153175
110.4267014,31.03063085
110.4267014,31.02972995
110.4267014,31.02882905
110.4267014,31.02792815
110.4267014,31.02702725
110.431937,31.03153175
110.431937,31.03063085
110.431937,31.02972995
110.431937,31.02882905
110.431937,31.02792815
110.431937,31.02702725
110.4371726,31.03063085
110.4371726,31.02972995
110.4371726,31.02882905
110.4371726,31.02792815
110.4371726,31.02702725
110.4371726,31.02612635
110.4371726,31.02522545
110.4424082,31.02972995
110.4424082,31.02882905
110.4424082,31.02792815
110.4424082,31.02702725
110.4476438,31.02882905
110.4476438,31.02792815
110.4476438,31.02702725
110.4476438,31.02612635
110.4476438,31.02522545
110.4528794,31.02882905
110.4528794,31.02792815
110.4528794,31.02702725
110.4528794,31.02612635
110.4528794,31.02522545
110.4528794,31.02432455
110.458115,31.02972995
110.458115,31.02882905
110.458115,31.02792815
110.458115,31.02702725
110.458115,31.02612635
110.458115,31.02522545
110.458115,31.02432455
110.458115,31.02342365
110.4633506,31.03333355
110.4633506,31.03243265
110.4633506,31.03153175
110.4633506,31.02702725
110.4633506,31.02612635
110.4633506,31.02522545
110.4633506,31.02432455
110.4633506,31.02342365
110.4685862,31.03603625
110.4685862,31.03513535
110.4685862,31.03423445
110.4685862,31.03333355
110.4685862,31.03243265
110.4685862,31.03153175
110.4685862,31.03063085
110.4685862,31.02972995
110.4685862,31.02882905
110.4738218,31.04414435
110.4738218,31.04324345
110.4738218,31.03963985
110.4738218,31.03873895
110.4738218,31.03783805
110.4738218,31.03513535
110.4738218,31.03423445
110.4738218,31.03333355
110.4738218,31.03243265
110.4790574,31.04414435
110.4790574,31.04324345
110.4790574,31.04234255
110.4790574,31.04144165
110.4790574,31.04054075
110.4790574,31.03963985
110.4790574,31.03873895
110.4790574,31.03783805
110.4790574,31.03693715
110.4790574,31.03603625
110.4790574,31.03513535
110.4790574,31.03423445
110.484293,31.04324345
110.484293,31.04234255
110.484293,31.04144165
110.484293,31.04054075
110.484293,31.03963985
110.484293,31.03873895
110.484293,31.03783805
110.484293,31.03693715
110.4895286,31.04324345
110.4895286,31.04234255
110.4895286,31.04144165
110.4895286,31.04054075
110.4895286,31.03963985
110.4895286,31.03873895
110.4895286,31.03783805
110.4895286,31.03693715
110.4895286,30.96486515
110.4947642,31.04414435
110.4947642,31.04324345
110.4947642,31.04234255
110.4947642,31.04144165
110.4947642,31.04054075
110.4947642,31.03963985
110.4947642,31.03873895
110.4947642,31.03783805
110.4947642,30.96666695
110.4999998,31.04324345
110.4999998,31.04234255
110.4999998,31.04144165
110.4999998,31.04054075
110.4999998,31.03963985
110.4999998,31.03873895
110.4999998,31.03783805
110.4999998,30.96486515
109.8534028,31.21351355
109.8534028,31.21171175
109.8534028,31.21081085
109.8534028,31.06126145
109.8534028,31.06036055
109.8534028,31.05945965
109.8534028,31.05855875
109.8534028,31.05765785
109.8534028,31.05675695
109.8534028,31.05585605
109.8534028,31.05495515
109.8534028,31.05405425
109.863874,31.20540545
109.863874,31.20450455
109.863874,31.20360365
109.863874,31.20270275
109.863874,31.20180185
109.863874,31.20090095
109.863874,31.19729735
109.863874,31.19639645
109.863874,31.19549555
109.863874,31.19459465
109.863874,31.19369375
109.863874,31.19279285
109.863874,31.19189195
109.863874,31.19099105
109.863874,31.06666685
109.863874,31.06576595
109.863874,31.06486505
109.863874,31.06396415
109.863874,31.06306325
109.863874,31.06216235
109.863874,31.06126145
109.863874,31.06036055
109.863874,31.05945965
109.863874,31.05855875
109.863874,31.05765785
109.8743452,31.19639645
109.8743452,31.19549555
109.8743452,31.19459465
109.8743452,31.19369375
109.8743452,31.19279285
109.8743452,31.19189195
109.8743452,31.19099105
109.8743452,31.19009015
109.8743452,31.18918925
109.8743452,31.18828835
109.8743452,31.18738745
109.8743452,31.18648655
109.8743452,31.18558565
109.8743452,31.18468475
109.8743452,31.18378385
109.8743452,31.18288295
109.8743452,31.18198205
109.8743452,31.18108115
109.8743452,31.18018025
109.8743452,31.17927935
109.8743452,31.11801815
109.8743452,31.07027045
109.8743452,31.06936955
109.8743452,31.06846865
109.8743452,31.06756775
109.8743452,31.06666685
109.8743452,31.06576595
109.8743452,31.06486505
109.8743452,31.06396415
109.8743452,31.06306325
109.8743452,31.06216235
109.8743452,31.06126145
109.8848164,31.23873875
109.8848164,31.08378395
109.8848164,31.08288305
109.8848164,31.08198215
109.8848164,31.08108125
109.8848164,31.08018035
109.8848164,31.07927945
109.8848164,31.07747765
109.8848164,31.07657675
109.8848164,31.07567585
109.8848164,31.07477495
109.8848164,31.07387405
109.8848164,31.07297315
109.8848164,31.07207225
109.8848164,31.07117135
109.8848164,31.07027045
109.8848164,31.06936955
109.8848164,31.06846865
109.8848164,31.06756775
109.8848164,31.06576595
109.8848164,31.06486505
109.8848164,31.06396415
109.8848164,31.06306325
109.8952876,31.23783785
109.8952876,31.16576585
109.8952876,31.16486495
109.8952876,31.15945955
109.8952876,31.14864875
109.8952876,31.14774785
109.8952876,31.14684695
109.8952876,31.14594605
109.8952876,31.14504515
109.8952876,31.14414425
109.8952876,31.14324335
109.8952876,31.14234245
109.8952876,31.14144155
109.8952876,31.14054065
109.8952876,31.13963975
109.8952876,31.12882895
109.8952876,31.12792805
109.8952876,31.12702715
109.8952876,31.12612625
109.8952876,31.12522535
109.8952876,31.12432445
109.8952876,31.12342355
109.8952876,31.12252265
109.8952876,31.12162175
109.8952876,31.12072085
109.8952876,31.11981995
109.8952876,31.11891905
109.8952876,31.11801815
109.8952876,31.11711725
109.8952876,31.09819835
109.8952876,31.09729745
109.8952876,31.09639655
109.8952876,31.09549565
109.8952876,31.09459475
109.8952876,31.09369385
109.8952876,31.09279295
109.8952876,31.09189205
109.8952876,31.09099115
109.8952876,31.09009025
109.8952876,31.08918935
109.8952876,31.08828845
109.8952876,31.08738755
109.8952876,31.08648665
109.8952876,31.08558575
109.8952876,31.08468485
109.8952876,31.08378395
109.8952876,31.08288305
109.8952876,31.08198215
109.8952876,31.08108125
109.8952876,31.08018035
109.8952876,31.07927945
109.8952876,31.07837855
109.8952876,31.07747765
109.8952876,31.07657675
109.8952876,31.07207225
109.8952876,31.07117135
109.8952876,31.07027045
109.8952876,31.06936955
109.8952876,31.06846865
109.8952876,31.06756775
109.8952876,31.06666685
109.8952876,31.06576595
109.8952876,31.06486505
109.9057588,31.23873875
109.9057588,31.14594605
109.9057588,31.14504515
109.9057588,31.14414425
109.9057588,31.14324335
109.9057588,31.14234245
109.9057588,31.14144155
109.9057588,31.14054065
109.9057588,31.13963975
109.9057588,31.13873885
109.9057588,31.13783795
109.9057588,31.12612625
109.9057588,31.12522535
109.9057588,31.12432445
109.9057588,31.09369385
109.9057588,31.09009025
109.9057588,31.08918935
109.9057588,31.08828845
109.9057588,31.08738755
109.9057588,31.08648665
109.9057588,31.08288305
109.9057588,31.06396415
109.9057588,31.06306325
109.9057588,31.06216235
109.9057588,31.06126145
109.91623,31.14054065
109.91623,31.13963975
109.91623,31.13873885
109.91623,31.06306325
109.91623,31.06216235
109.91623,31.06126145
109.91623,31.06036055
109.91623,31.05945965
109.9267012,31.23783785
109.9267012,31.14234245
109.9267012,31.06576595
109.9267012,31.06486505
109.9267012,31.06396415
109.9267012,31.06306325
109.9371724,31.06936955
109.9371724,31.06846865
109.9371724,31.06756775
109.9371724,31.06666685
109.9371724,31.06576595
109.9371724,31.06486505
109.9371724,31.06396415
109.9371724,31.06306325
109.9476436,31.06846865
109.9476436,31.06576595
109.9476436,31.06486505
109.9581148,31.06756775
109.9581148,31.06666685
109.9581148,31.06576595
109.9581148,31.06486505
109.9581148,31.06396415
109.9581148,31.06306325
109.968586,31.06756775
109.968586,31.06666685
109.968586,31.06576595
109.968586,31.06486505
109.968586,31.06396415
109.968586,31.06306325
109.968586,31.06216235
109.968586,31.06126145
109.968586,31.06036055
109.968586,31.05945965
109.9790572,31.05675695
109.9790572,31.05585605
109.9790572,31.05495515
109.9790572,31.05405425
109.9790572,31.05315335
109.9790572,31.05225245
109.9790572,31.05135155
109.9790572,31.05045065
109.9790572,31.01531555
109.9895284,31.04414435
109.9895284,31.04324345
109.9895284,31.04234255
109.9895284,31.04144165
109.9895284,31.04054075
109.9895284,31.03963985
109.9895284,31.03873895
109.9895284,31.03783805
109.9895284,31.03693715
109.9895284,31.03603625
109.9895284,31.01531555
109.9999996,31.02702725
109.9999996,31.02612635
109.9999996,31.02522545
109.9999996,31.02432455
109.9999996,31.02342365
109.9999996,31.02252275
109.9999996,31.01891915
